READ TERR 1 2
! xrtwtflux
74.162	4.571	-4.357	5.31926536455425e-07	9.71282275611148e-08	-9.71282275611148e-08
91.312	1.614	-12.58	7.1126747333606e-06	1.08059811585565e-06	-1.08059811585565e-06
93.626	0.516	-0.7	1.47823480944002e-05	2.28910840061293e-06	-2.28910840061293e-06
94.535	0.373	-0.393	2.5648902719081e-05	3.78186862750849e-06	-3.78186862750849e-06
95.596	0.700	-0.687	1.4515878905029e-05	2.16396513320566e-06	-2.16396513320566e-06
97.091	0.812	-0.795	9.98732280369626e-06	1.57665735315804e-06	-1.57665735315804e-06
98.681	0.737	-0.779	7.76508132825765e-06	1.17969907768864e-06	-1.17969907768864e-06
100.177	0.883	-0.759	5.31106796544236e-06	7.91746085402751e-07	-7.91746085402751e-07
102.119	1.018	-1.058	2.83167765196065e-06	4.22131530768971e-07	-4.22131530768971e-07
104.316	1.594	-1.179	1.99056736740519e-06	2.96743040396949e-07	-2.96743040396949e-07
107.687	1.915	-1.777	1.33479777263863e-06	1.98984345733764e-07	-1.98984345733764e-07
111.891	1.547	-2.288	6.98289391359572e-07	1.39016120740224e-07	-1.39016120740224e-07
115.307	1.766	-1.869	6.75030711446496e-07	1.26801740057968e-07	-1.26801740057968e-07
118.994	3.306	-1.921	4.19431570387856e-07	7.87884801457523e-08	-7.87884801457523e-08
125.468	3.528	-3.168	2.76818026151268e-07	5.05404456073344e-08	-5.05404456073344e-08
NO NO NO NO NO NO
! xrtwtgamma
74.162	4.571	-4.357	2.45309642604267	0.735170622493267	-0.607738704307188
91.312	1.614	-12.58	2.041488136166	0.14103316072318	-0.11663984176009
93.626	0.516	-0.7	1.9919719341276	0.149609593989251	-0.123062933486028
94.535	0.373	-0.393	1.97285469766189	0.16458245734286	-0.135227869548317
95.596	0.700	-0.687	1.95077188325985	0.187393278542108	-0.153891752423226
97.091	0.812	-0.795	2.03526564537366	0.170175019371538	-0.139859604283205
98.681	0.737	-0.779	2.19203161969981	0.136684512962637	-0.113233674834704
100.177	0.883	-0.759	2.3372402502017	0.134948263636794	-0.113290785271484
102.119	1.018	-1.058	2.52253835675506	0.173912552484315	-0.146926276368687
104.316	1.594	-1.179	2.55759220182989	0.152385935073622	-0.128491074421767
107.687	1.915	-1.777	2.60676611961897	0.137799343325024	-0.1146666406399
111.891	1.547	-2.288	2.66597794035136	0.157316928149049	-0.128298637048287
115.307	1.766	-1.869	2.71247522016622	0.193872979750698	-0.157156442675391
118.994	3.306	-1.921	2.76114017296772	0.242606064767796	-0.196546867882016
125.468	3.528	-3.168	2.8430515737513	0.335788941711587	-0.272666923742421
NO NO NO NO NO NO
! xrtpcflux
86.640	2.973	-4.549	1.20677324434453e-06	2.07303702501037e-07	-2.07303702501037e-07
147.895	14.980	-58.281	3.93661339785087e-07	8.81910734864579e-08	-8.81910734864579e-08
190.068	20.446	-27.193	3.03958771047149e-07	6.83526032522432e-08	-6.83526032522432e-08
241.941	43.793	-31.427	2.71933871927895e-07	6.11510325710407e-08	-6.11510325710407e-08
321.721	29.204	-35.987	3.89821877951154e-07	8.73309665971388e-08	-8.73309665971388e-08
410.184	51.063	-59.26	2.34045301799527e-07	5.13485830489812e-08	-5.13485830489812e-08
524.854	49.222	-63.607	2.13062400796474e-07	4.77768821152541e-08	-4.77768821152541e-08
630.023	51.862	-55.947	2.07604056160925e-07	4.67290250631009e-08	-4.67290250631009e-08
4254.227	117.179	-118.509	1.87533711008532e-08	4.90830444531552e-09	-4.90830444531552e-09
4508.470	126.204	-137.064	1.64164543154502e-08	4.29247375967235e-09	-4.29247375967235e-09
4802.472	80.427	-167.798	1.70417106974657e-08	4.44728400429885e-09	-4.44728400429885e-09
5230.725	371.763	-347.825	1.07972171817087e-08	2.0912078277551e-09	-2.0912078277551e-09
6240.916	209.803	-261.569	9.34186392839906e-09	2.43537991226006e-09	-2.43537991226006e-09
11812.072	406.186	-2045.403	5.6515071944414e-09	1.5039753083315e-09	-1.5039753083315e-09
23841.779	4399.228	-2590.684	4.36442942626725e-09	8.4508826975712e-10	-8.4508826975712e-10
35461.982	4360.385	-2624.908	5.15311226923856e-09	1.20180908449295e-09	-1.20180908449295e-09
73433.520	25246.029	-29078.466	3.51842133999507e-09	7.25378079855879e-10	-7.25378079855879e-10
170361.397	26301.373	-31649.863	2.10256451152156e-09	5.72027082456932e-10	-5.72027082456932e-10
NO NO NO NO NO NO
! xrtpcgamma
86.640	2.973	-4.549	2.49159028943097	0.422848801343025	-0.322113689446617
147.895	14.980	-58.281	2.15266801377744	0.234096792610139	-0.17822965339938
190.068	20.446	-27.193	1.99365906676661	0.219143732226678	-0.163712168206674
241.941	43.793	-31.427	1.84071396701678	0.269217862994073	-0.198466218397828
321.721	29.204	-35.987	1.74729793860745	0.266045772210164	-0.196005927908613
410.184	51.063	-59.26	1.7611601294982	0.222962410819114	-0.165996688950884
524.854	49.222	-63.607	1.77522736253417	0.298190136565654	-0.223393204614276
630.023	51.862	-55.947	1.80867340749082	0.280673433877029	-0.210302461539161
4254.227	117.179	-118.509	2.17394606236088	0.270017329310639	-0.206945233623092
4508.470	126.204	-137.064	2.18504718533892	0.277173338367143	-0.212442457537017
4802.472	80.427	-167.798	2.19632732457312	0.283404543790016	-0.217222458174372
5230.725	371.763	-347.825	2.19930109312573	0.264732172444573	-0.202900680735262
6240.916	209.803	-261.569	2.20544842214415	0.232243732994341	-0.177910744975028
11812.072	406.186	-2045.403	2.22765949204154	0.227813256157916	-0.173459543858307
23841.779	4399.228	-2590.684	2.029193621598	0.241767267112395	-0.181362637866338
35461.982	4360.385	-2624.908	1.79942186140291	0.246930365414488	-0.176611121394295
73433.520	25246.029	-29078.466	1.37814693121306	0.395178285801261	-0.273282871917467
170361.397	26301.373	-31649.863	1.38848114537951	0.390420878363856	-0.269990596148435
