READ TERR 1 2
! xrtwtslewflux
68.9718963606097	0.789452678571109	-0.836653319197296	1.36531485483374e-05	2.03540632928933e-06	-2.03540632928933e-06
70.7319805547815	1.00774844922775	-0.970631515600658	1.12395625900998e-05	1.67550176507559e-06	-1.67550176507559e-06
74.0666821592623	2.00070583884182	-2.32695315525307	1.14789691110884e-05	1.29226678090343e-06	-1.29226678090343e-06
NO NO NO NO NO NO
! xrtwtslewgamma
68.9718963606097	0.789452678571109	-0.836653319197296	2.23082857380867	0.161791215824287	-0.136912406654553
70.7319805547815	1.00774844922775	-0.970631515600658	2.23082857380867	0.161791215824287	-0.136912406654553
74.0666821592623	2.00070583884182	-2.32695315525307	2.23082857380867	0.161791215824287	-0.136912406654553
NO NO NO NO NO NO
! xrtwtflux
84.927	1.143	-1.212	1.83513717955444e-05	3.22977228189678e-06	-3.22977228189678e-06
87.696	1.773	-1.625	1.35306569753902e-05	2.25990714299518e-06	-2.25990714299518e-06
91.071	1.783	-1.602	1.45579767621672e-05	2.1906739086646e-06	-2.1906739086646e-06
94.640	1.727	-1.785	1.40194246176114e-05	2.17214462460337e-06	-2.17214462460337e-06
98.170	2.575	-1.803	1.18353166682368e-05	1.94076285675062e-06	-1.94076285675062e-06
102.995	2.036	-2.25	1.26800401055081e-05	2.14110027538806e-06	-2.14110027538806e-06
107.290	1.586	-2.259	1.156869372861e-05	1.84695863409794e-06	-1.84695863409794e-06
110.753	1.736	-1.877	1.34332802769043e-05	2.17054171019849e-06	-2.17054171019849e-06
113.932	1.661	-1.443	2.14571159762773e-05	3.64381577634945e-06	-3.64381577634945e-06
116.971	1.279	-1.378	3.68438833107581e-05	5.64692031457329e-06	-5.64692031457329e-06
119.622	1.450	-1.372	4.73120467699249e-05	7.46332686725883e-06	-7.46332686725883e-06
122.014	1.070	-0.943	9.30303995275445e-05	1.43532263517677e-05	-1.43532263517677e-05
124.090	0.717	-1.007	0.000119651377488177	1.80477866907607e-05	-1.80477866907607e-05
125.652	0.846	-0.844	0.000111734343937772	1.68260139817467e-05	-1.68260139817467e-05
127.511	0.921	-1.013	8.531702393826e-05	1.33799127348301e-05	-1.33799127348301e-05
129.294	0.985	-0.862	9.04112458127181e-05	1.35884734707012e-05	-1.35884734707012e-05
130.881	0.789	-0.602	0.000116087649777271	1.78168777439984e-05	-1.78168777439984e-05
132.479	0.861	-0.81	8.15959903842531e-05	1.27855053867108e-05	-1.27855053867108e-05
134.455	0.906	-1.115	5.55144750441243e-05	8.33800196654331e-06	-8.33800196654331e-06
136.471	1.162	-1.11	4.20337757784891e-05	6.31349351065794e-06	-6.31349351065794e-06
138.702	1.090	-1.068	3.84066870164963e-05	5.76680457724197e-06	-5.76680457724197e-06
141.277	1.498	-1.486	2.22959872841122e-05	3.35356574369737e-06	-3.35356574369737e-06
144.982	1.771	-2.207	1.11289449443317e-05	1.74578430801498e-06	-1.74578430801498e-06
148.197	2.018	-1.444	9.65386987361836e-06	1.45258800246609e-06	-1.45258800246609e-06
151.771	2.022	-1.556	1.02601693829012e-05	1.61505268434416e-06	-1.61505268434416e-06
155.758	2.275	-1.965	8.61932616533224e-06	1.45362448837517e-06	-1.45362448837517e-06
159.738	1.803	-1.705	9.68520747906757e-06	1.78537040520371e-06	-1.78537040520371e-06
163.428	2.529	-1.887	6.32886725262863e-06	1.20535020680181e-06	-1.20535020680181e-06
169.279	1.953	-3.322	3.95208558236051e-06	8.0455287835281e-07	-8.0455287835281e-07
174.463	3.182	-3.231	2.81942326377042e-06	5.2470974709793e-07	-5.2470974709793e-07
181.101	2.853	-3.456	2.11785820453516e-06	4.0697171017016e-07	-4.0697171017016e-07
188.227	4.077	-4.272	2.22485854911415e-06	4.43551982879705e-07	-4.43551982879705e-07
196.807	3.948	-4.503	2.38501075143611e-06	4.51580735043144e-07	-4.51580735043144e-07
NO NO NO NO NO NO
! xrtwtgamma
84.927	1.143	-1.212	2.13049300359409	0.246963388070439	-0.204385315916072
87.696	1.773	-1.625	2.1088510087749	0.188600575877622	-0.156087319441763
91.071	1.783	-1.602	2.08337837970693	0.139419521441128	-0.115378331641418
94.640	1.727	-1.785	2.05744864136226	0.135382764846789	-0.112014938080715
98.170	2.575	-1.803	2.03274679470254	0.177877530910526	-0.147163436221564
102.995	2.036	-2.25	2.00504351083292	0.135565849898067	-0.111633940673803
107.290	1.586	-2.259	1.98178378499495	0.158532909746024	-0.129497497570616
110.753	1.736	-1.877	1.92200115361586	0.178408645081735	-0.145554057291315
113.932	1.661	-1.443	1.73519901198281	0.145299398399168	-0.117282349309681
116.971	1.279	-1.378	1.56143388446283	0.196064897855148	-0.157066856210414
119.622	1.450	-1.372	1.36629919764396	0.148388362095511	-0.11931049190944
122.014	1.070	-0.943	1.18263644426821	0.157361358385153	-0.127945139464472
124.090	0.717	-1.007	1.13763041617016	0.149497766066238	-0.121592031541649
125.652	0.846	-0.844	1.18892582767883	0.140110053360304	-0.113512850857777
127.511	0.921	-1.013	1.24509863491548	0.188318226059048	-0.152304263324023
129.294	0.985	-0.862	1.2566680326011	0.141689777129951	-0.114166765103754
130.881	0.789	-0.602	1.26683221975205	0.188658186636509	-0.151530924223234
132.479	0.861	-0.81	1.35267143529188	0.15181295868653	-0.122018753719987
134.455	0.906	-1.115	1.47914338337392	0.174544523785729	-0.1406670211599
136.471	1.162	-1.11	1.56674091525175	0.155803724379033	-0.125641911512944
138.702	1.090	-1.068	1.64259537625242	0.162071510485862	-0.131035229015665
141.277	1.498	-1.486	1.75336492200146	0.17184996987491	-0.139086376013406
144.982	1.771	-2.207	1.93785615047975	0.137543353364555	-0.112857611709361
148.197	2.018	-1.444	2.09416657239182	0.178320735685167	-0.14744042945843
151.771	2.022	-1.556	2.03551854147142	0.146529355789854	-0.11968902436087
155.758	2.275	-1.965	1.94567867777116	0.173958491726527	-0.137741528480551
159.738	1.803	-1.705	1.89570410949522	0.220394346246187	-0.173639168170419
163.428	2.529	-1.887	1.97779981721213	0.17623711959382	-0.138784394647033
169.279	1.953	-3.322	2.10424835442875	0.188685782544482	-0.148343248872882
174.463	3.182	-3.231	2.21268253313108	0.264462379191027	-0.20786964968895
181.101	2.853	-3.456	2.34691908868043	0.389082424167574	-0.305890886701719
188.227	4.077	-4.272	2.18442566534098	0.241421360619134	-0.189756223916914
196.807	3.948	-4.503	2.18442566534098	0.241421360619134	-0.189756223916914
NO NO NO NO NO NO
! xrtpcflux
228.027	20.467	-22.157	5.7140503375148e-06	1.29253712810172e-06	-1.29253712810172e-06
269.007	17.097	-20.513	6.79867483163373e-06	1.48970023112973e-06	-1.48970023112973e-06
317.070	29.209	-30.967	3.96078737833397e-06	8.95943406894709e-07	-8.95943406894709e-07
378.702	40.289	-32.423	3.05188412321574e-06	6.89346263663171e-07	-6.89346263663171e-07
473.232	61.095	-54.241	1.54581463631697e-06	3.51710097559929e-07	-3.51710097559929e-07
605.469	56.731	-71.142	1.13112825683015e-06	2.58490721626978e-07	-2.58490721626978e-07
735.151	69.965	-72.951	9.34463416089034e-07	2.1230302883825e-07	-2.1230302883825e-07
896.534	119.197	-91.417	5.7444481955293e-07	1.31854537088631e-07	-1.31854537088631e-07
1206.465	220.460	-190.734	4.60121306238325e-07	8.20223663331777e-08	-8.20223663331777e-08
11818.168	123.915	-252.181	4.63866847685319e-08	1.21076297690139e-08	-1.21076297690139e-08
12116.125	86.717	-174.043	6.69570619482742e-08	1.75170338481422e-08	-1.75170338481422e-08
12603.759	541.827	-400.917	3.13854996889686e-08	6.35506775078764e-09	-6.35506775078764e-09
16762.154	248.810	-270.203	3.20847669989462e-08	8.41961480680135e-09	-8.41961480680135e-09
17421.518	261.404	-410.554	2.44071494302987e-08	6.4524817481539e-09	-6.4524817481539e-09
18048.338	288.991	-365.417	2.49937379014546e-08	6.56226326446358e-09	-6.56226326446358e-09
18574.249	402.436	-236.919	2.88060932759684e-08	7.12673714316298e-09	-7.12673714316298e-09
30046.851	17538.360	-7750.27	7.43011224864167e-09	1.59764853428992e-09	-1.59764853428992e-09
121101.394	151483.808	-45862.227	6.5892835369041e-10	2.51709528309867e-10	-2.51709528309867e-10
NO NO NO NO NO NO
! xrtpcgamma
228.027	20.467	-22.157	1.4849626687486	0.425415548255077	-0.304612979595464
269.007	17.097	-20.513	1.4852203931953	0.266457532253987	-0.190784096322387
317.070	29.209	-30.967	1.48547673261302	0.259196606613593	-0.185447494215596
378.702	40.289	-32.423	1.52838648653906	0.281698488319416	-0.201677948321091
473.232	61.095	-54.241	1.64187917663569	0.237134568234719	-0.172088059010868
605.469	56.731	-71.142	1.74611768093559	0.280668766771217	-0.204818414585335
735.151	69.965	-72.951	1.78951632049722	0.212403369995488	-0.157363908853591
896.534	119.197	-91.417	1.83389614981975	0.223226386925138	-0.1698038824209
1206.465	220.460	-190.734	1.8627880390826	0.250738266181529	-0.191439506837692
11818.168	123.915	-252.181	1.88514968203471	0.289027203742141	-0.216081597011064
12116.125	86.717	-174.043	1.88539367890749	0.291931373973023	-0.218252014033033
12603.759	541.827	-400.917	1.88770481792701	0.271964075527291	-0.203341480038562
16762.154	248.810	-270.203	1.9102317506897	0.240098500272832	-0.181977374699476
17421.518	261.404	-410.554	1.91328000931681	0.26545077155512	-0.201280321551884
18048.338	288.991	-365.417	1.91607268213516	0.292147192103932	-0.221523034836404
18574.249	402.436	-236.919	1.91834194347112	0.315689243287857	-0.239334955600265
30046.851	17538.360	-7750.27	1.91460612423023	0.277773157438318	-0.21063133970229
121101.394	151483.808	-45862.227	1.91460612423023	0.277773157438318	-0.21063133970229
