READ TERR 1 2
! xrtwtslewflux
121.824482785056	1.58353021791942	-1.58498275607158	7.27218305423977e-06	1.08758806054849e-06	-1.08758806054849e-06
126.324289089854	3.46639090139128	-2.91627608687874	5.68108661606512e-06	6.52429269563706e-07	-6.52429269563706e-07
NO NO NO NO NO NO
! xrtwtslewgamma
121.824482785056	1.58353021791942	-1.58498275607158	2.05220939195685	0.191938300471469	-0.157702962966503
126.324289089854	3.46639090139128	-2.91627608687874	2.05220939195685	0.191938300471469	-0.157702962966503
NO NO NO NO NO NO
! xrtwtflux
140.640	1.972	-1.478	2.81716689664589e-06	5.14351445462856e-07	-5.14351445462856e-07
143.940	2.036	-1.328	3.54930430794931e-06	6.4801979847017e-07	-6.4801979847017e-07
148.701	2.218	-2.725	3.15673920287564e-06	5.92980599719125e-07	-5.92980599719125e-07
152.871	1.790	-1.952	5.33072644701324e-06	1.00136092207745e-06	-1.00136092207745e-06
157.200	2.803	-2.539	4.67929118465098e-06	9.04716942759953e-07	-9.04716942759953e-07
162.350	2.487	-2.347	4.46125889774185e-06	8.14543186413595e-07	-8.14543186413595e-07
167.093	2.713	-2.256	3.47046988563955e-06	6.51939000968075e-07	-6.51939000968075e-07
174.207	4.290	-4.401	1.6691545460258e-06	3.87384519039001e-07	-3.87384519039001e-07
181.222	2.458	-2.725	5.48209246196738e-06	1.00094458778845e-06	-1.00094458778845e-06
186.975	2.871	-3.296	6.32681815340581e-06	1.25959548843864e-06	-1.25959548843864e-06
193.369	3.267	-3.523	5.04037146299878e-06	9.20290660952794e-07	-9.20290660952794e-07
200.560	4.346	-3.925	3.00690546347737e-06	5.98631509108869e-07	-5.98631509108869e-07
208.294	3.607	-3.388	2.86043629000199e-06	5.37331504487317e-07	-5.37331504487317e-07
215.474	3.948	-3.573	2.1506650909285e-06	3.92665963346159e-07	-3.92665963346159e-07
NO NO NO NO NO NO
! xrtwtgamma
140.640	1.972	-1.478	2.24741904605986	0.314265923357945	-0.251225530855746
143.940	2.036	-1.328	2.14720648543141	0.23998972016458	-0.192328306324978
148.701	2.218	-2.725	2.00660352738325	0.170554666868808	-0.13585243500171
152.871	1.790	-1.952	1.88710409363715	0.178090459412588	-0.139055024932419
157.200	2.803	-2.539	1.76644841054032	0.243729913415272	-0.18902670403355
162.350	2.487	-2.347	1.86101232379636	0.190409974794381	-0.146668828240769
167.093	2.713	-2.256	1.95997402601988	0.210223400165693	-0.159540290680412
174.207	4.290	-4.401	1.96072527420958	0.240120526904197	-0.181627970613176
181.222	2.458	-2.725	1.71659781341638	0.196124811277007	-0.149128339707774
186.975	2.871	-3.296	1.52334096560213	0.258425228509745	-0.196962451999343
193.369	3.267	-3.523	1.62462709975537	0.195432616491283	-0.149899716103931
200.560	4.346	-3.925	1.75420743975983	0.155857207444357	-0.124172009441743
208.294	3.607	-3.388	1.88848618011888	0.187127823400048	-0.153296782654858
215.474	3.948	-3.573	2.00875619978141	0.257563489998784	-0.209843890591199
NO NO NO NO NO NO
! xrtpcflux
242.108	11.174	-13.9	1.71370794880323e-06	3.65363870939799e-07	-3.65363870939799e-07
263.058	10.282	-9.777	1.64583678104406e-06	3.59631432661438e-07	-3.59631432661438e-07
284.681	8.718	-11.341	1.4393287481673e-06	3.07453914775085e-07	-3.07453914775085e-07
299.263	9.179	-5.865	1.52136780192332e-06	3.40188107206515e-07	-3.40188107206515e-07
324.900	21.152	-16.458	4.82568380109102e-07	1.07981239001101e-07	-1.07981239001101e-07
355.297	8.307	-9.245	8.89774149431047e-07	1.99800240443589e-07	-1.99800240443589e-07
385.698	18.023	-22.094	4.19247335573809e-07	9.1978703410562e-08	-9.1978703410562e-08
420.166	16.148	-16.446	5.02388917119993e-07	1.12812217033611e-07	-1.12812217033611e-07
1493.974	56.267	-59.069	2.17136305511452e-07	4.88959769473832e-08	-4.88959769473832e-08
1602.844	50.197	-52.602	2.48013326926288e-07	5.56917527120501e-08	-5.56917527120501e-08
1721.884	56.522	-68.843	2.04839995883805e-07	4.6290438530924e-08	-4.6290438530924e-08
1825.955	55.251	-47.549	2.54778269610398e-07	5.7090235867554e-08	-5.7090235867554e-08
1948.840	62.744	-67.634	2.13301177398463e-07	4.69221119811259e-08	-4.69221119811259e-08
5375.380	96.456	-109.144	1.03393199208155e-07	2.27846211815494e-08	-2.27846211815494e-08
5564.041	148.497	-92.205	8.33470888309114e-08	1.87467575291607e-08	-1.87467575291607e-08
5852.718	95.508	-140.18	5.34718767078573e-08	1.40114952123741e-08	-1.40114952123741e-08
6126.205	178.060	-177.979	3.10448092857358e-08	8.15906243438999e-09	-8.15906243438999e-09
6459.953	120.116	-155.689	3.35934577035337e-08	8.85527556850625e-09	-8.85527556850625e-09
6676.194	104.461	-96.124	4.47092034036105e-08	1.13433556344937e-08	-1.13433556344937e-08
6874.401	109.345	-93.747	4.03840635858687e-08	1.05402760180529e-08	-1.05402760180529e-08
7197.762	152.052	-214.015	2.29388244083463e-08	6.01672961508146e-09	-6.01672961508146e-09
7576.741	201.809	-226.927	2.66467466831694e-08	6.11963631948023e-09	-6.11963631948023e-09
11288.690	260.682	-331.045	1.90149346883296e-08	4.9919797413969e-09	-4.9919797413969e-09
11806.951	221.318	-257.579	2.41785279775842e-08	6.33098513921489e-09	-6.33098513921489e-09
12339.452	257.978	-311.183	2.04952420485697e-08	5.36934764631359e-09	-5.36934764631359e-09
13166.058	381.628	-568.629	1.61617834000897e-08	3.43344902149502e-09	-3.43344902149502e-09
17212.990	397.689	-397.13	6.66613117414625e-09	1.77077904983141e-09	-1.77077904983141e-09
18118.285	344.881	-507.606	5.52162723848734e-09	1.46015600785803e-09	-1.46015600785803e-09
18845.968	472.178	-382.802	6.41051591195392e-09	1.49728767308132e-09	-1.49728767308132e-09
23284.025	527.263	-721.38	2.11670964791481e-09	5.67564561007213e-10	-5.67564561007213e-10
24307.309	780.187	-496.022	2.76540186639637e-09	6.06562492301641e-10	-6.06562492301641e-10
88079.696	46235.323	-35275.568	6.26063475481224e-10	1.43230115069031e-10	-1.43230115069031e-10
228264.179	96728.300	-59791.207	1.39773049305516e-10	6.39982071379788e-11	-6.39982071379788e-11
NO NO NO NO NO NO
! xrtpcgamma
242.108	11.174	-13.9	1.67071433094955	0.35616787543638	-0.264741492527916
263.058	10.282	-9.777	1.77580213237394	0.27246223076257	-0.202386457662386
284.681	8.718	-11.341	1.87583005914197	0.206108031735357	-0.154875579952726
299.263	9.179	-5.865	1.93908426636988	0.177841073740738	-0.13661992493101
324.900	21.152	-16.458	2.043164155256	0.17125990107551	-0.13796874376218
355.297	8.307	-9.245	2.11861322362353	0.19826128545046	-0.161549408001058
385.698	18.023	-22.094	2.10580879837389	0.188411602488973	-0.153517276572901
420.166	16.148	-16.446	2.09245935928968	0.178874325590773	-0.14573021864648
1493.974	56.267	-59.069	1.89461687383542	0.18991126539958	-0.153543100077383
1602.844	50.197	-52.602	1.88364665735897	0.198396824275342	-0.160395434319447
1721.884	56.522	-68.843	1.87264486224675	0.205973234455702	-0.166517668828325
1825.955	55.251	-47.549	1.86552663988675	0.196321179415095	-0.158610082749967
1948.840	62.744	-67.634	1.85762640314861	0.187245674831506	-0.150926555377564
5375.380	96.456	-109.144	1.73455877975263	0.305581761491149	-0.224206690399858
5564.041	148.497	-92.205	1.74548839331573	0.298638024768535	-0.219129514222187
5852.718	95.508	-140.18	1.82379777961877	0.229671283913948	-0.169775545068919
6126.205	178.060	-177.979	1.89450215302854	0.186969020614444	-0.141970522778567
6459.953	120.116	-155.689	1.97662787588987	0.179686646968724	-0.142849795355753
6676.194	104.461	-96.124	2.02760333713334	0.200892390535508	-0.161677330533686
6874.401	109.345	-93.747	2.04199129318267	0.207464990147058	-0.167092025499265
7197.762	152.052	-214.015	2.02711586836237	0.19280973327279	-0.155156370710332
7576.741	201.809	-226.927	2.01050992007976	0.179550486456248	-0.144115358518494
11288.690	260.682	-331.045	1.88147650834658	0.227591347808607	-0.175103746673102
11806.951	221.318	-257.579	1.86695012308522	0.245820227155948	-0.189002354237504
12339.452	257.978	-311.183	1.86303248409973	0.257839373136864	-0.198215838737454
13166.058	381.628	-568.629	1.93242064271524	0.227689498753025	-0.175057367472776
17212.990	397.689	-397.13	2.21924064486956	0.197315461463765	-0.15218863030384
18118.285	344.881	-507.606	2.27409291203699	0.212594441158817	-0.16404895118665
18845.968	472.178	-382.802	2.31623199761228	0.227842126307003	-0.175850782380711
23284.025	527.263	-721.38	2.54253192376921	0.340998290353736	-0.263177617576368
24307.309	780.187	-496.022	2.58855799924624	0.36771049937916	-0.283770369599597
88079.696	46235.323	-35275.568	2.40110078487522	0.265441973821866	-0.204897324903872
228264.179	96728.300	-59791.207	2.40110078487522	0.265441973821866	-0.204897324903872
