READ TERR 1 2
! xrtwtslewflux
115.972073606127	0.562914396753087	-0.511793562150913	5.56979366573972e-06	8.25809170391131e-07	-8.25809170391131e-07
117.186950757568	0.694811286964836	-0.651962754688171	4.33996478391759e-06	6.47002990692175e-07	-6.47002990692175e-07
118.406338129828	0.592637879166702	-0.524576085295294	5.44065440120938e-06	8.13208031918091e-07	-8.13208031918091e-07
119.680011333901	0.532330706741334	-0.681035324905665	5.03295126115696e-06	7.52806362996192e-07	-7.52806362996192e-07
121.029958407764	0.683957612731959	-0.817616367122042	4.12838415621521e-06	6.18992219155044e-07	-6.18992219155044e-07
122.608035102883	0.835163892809675	-0.89411908238732	3.74457895202912e-06	5.71221416799495e-07	-5.71221416799495e-07
124.381116025119	0.713993974060529	-0.937917029426472	4.49526125515159e-06	7.2500275418119e-07	-7.2500275418119e-07
NO NO NO NO NO NO
! xrtwtslewgamma
115.972073606127	0.562914396753087	-0.511793562150913	2.74287437991444	0.13772387362834	-0.120479392224758
117.186950757568	0.694811286964836	-0.651962754688171	2.74287437991444	0.13772387362834	-0.120479392224758
118.406338129828	0.592637879166702	-0.524576085295294	2.74287437991444	0.13772387362834	-0.120479392224758
119.680011333901	0.532330706741334	-0.681035324905665	2.74287437991444	0.13772387362834	-0.120479392224758
121.029958407764	0.683957612731959	-0.817616367122042	2.74287437991444	0.13772387362834	-0.120479392224758
122.608035102883	0.835163892809675	-0.89411908238732	2.74287437991444	0.13772387362834	-0.120479392224758
124.381116025119	0.713993974060529	-0.937917029426472	2.74287437991444	0.13772387362834	-0.120479392224758
NO NO NO NO NO NO
! xrtwtflux
133.673	1.462	-1.621	1.30485065950459e-06	2.15502045934475e-07	-2.15502045934475e-07
136.238	1.330	-1.102	1.84084869884931e-06	2.95399337154588e-07	-2.95399337154588e-07
139.017	1.283	-1.449	1.74838457603765e-06	2.85075587531481e-07	-2.85075587531481e-07
141.892	1.529	-1.592	1.71504030605726e-06	2.6577154975797e-07	-2.6577154975797e-07
144.633	1.570	-1.212	1.86145705312354e-06	3.12304281394078e-07	-3.12304281394078e-07
148.197	1.678	-1.994	1.61159873490863e-06	2.61114357829738e-07	-2.61114357829738e-07
151.586	1.871	-1.71	1.93242556469608e-06	2.92842386997859e-07	-2.92842386997859e-07
155.737	1.798	-2.28	1.97889310544834e-06	3.0555080120388e-07	-3.0555080120388e-07
159.366	1.995	-1.832	2.61272578025852e-06	3.94921409164066e-07	-3.94921409164066e-07
163.217	2.135	-1.855	2.97572081440886e-06	4.67923557174071e-07	-4.67923557174071e-07
167.313	1.842	-1.96	2.4678140221275e-06	4.83482723349838e-07	-4.83482723349838e-07
171.431	1.625	-2.277	2.68674233804832e-06	4.93884375587147e-07	-4.93884375587147e-07
175.647	2.458	-2.591	3.13939798688859e-06	4.93303922919435e-07	-4.93303922919435e-07
179.935	1.790	-1.83	3.22065882269567e-06	5.91461199140096e-07	-5.91461199140096e-07
183.769	1.940	-2.043	3.40919403052126e-06	6.14179849609836e-07	-6.14179849609836e-07
187.390	2.073	-1.681	3.60799631403319e-06	6.62505981837594e-07	-6.62505981837594e-07
191.684	2.716	-2.221	2.49550131900963e-06	5.77461106624781e-07	-5.77461106624781e-07
196.725	2.157	-2.325	3.5551726835528e-06	6.7325130980175e-07	-6.7325130980175e-07
201.912	2.405	-3.03	3.31482921975066e-06	6.09814466391803e-07	-6.09814466391803e-07
NO NO NO NO NO NO
! xrtwtgamma
133.673	1.462	-1.621	2.99000332038929	0.260348093187042	-0.220036169507497
136.238	1.330	-1.102	2.95051111280596	0.218789203255906	-0.185142367176978
139.017	1.283	-1.449	2.90855457548985	0.179306206629093	-0.151864249306109
141.892	1.529	-1.592	2.86602227127461	0.148102355959914	-0.125282162465134
144.633	1.570	-1.212	2.82626731182578	0.132626276240667	-0.111590780570506
148.197	1.678	-1.994	2.77568774273446	0.139038237630916	-0.115820788088861
151.586	1.871	-1.71	2.72870756871458	0.16805282171607	-0.139326900270971
155.737	1.798	-2.28	2.65424806286424	0.175926013364179	-0.14554319981759
159.366	1.995	-1.832	2.56464211422773	0.155442745391266	-0.126189691790678
163.217	2.135	-1.855	2.47175918910433	0.188961279754854	-0.150171290278835
167.313	1.842	-1.96	2.38550456529359	0.234516957161029	-0.185670861455072
171.431	1.625	-2.277	2.35621234710852	0.176816577277462	-0.140101986784683
175.647	2.458	-2.591	2.32694313634356	0.196607445139807	-0.156014143370406
179.935	1.790	-1.83	2.29281579127163	0.218424513588244	-0.173419180660578
183.769	1.940	-2.043	2.25524863134003	0.171684316944998	-0.137103698201918
187.390	2.073	-1.681	2.22048136433498	0.157227248300068	-0.127277391381972
191.684	2.716	-2.221	2.18011265507438	0.18389281268687	-0.150455628585427
196.725	2.157	-2.325	2.13385964040382	0.25208505495125	-0.206155868962224
201.912	2.405	-3.03	2.08748811324513	0.337716693962093	-0.275321140650698
NO NO NO NO NO NO
! xrtpcflux
223.269	16.570	-16.025	2.2567563526972e-06	5.09413047998234e-07	-5.09413047998234e-07
252.490	12.422	-12.651	4.55586943261727e-06	1.02978234840737e-06	-1.02978234840737e-06
287.152	20.384	-22.24	3.61724538737096e-06	7.81692298020056e-07	-7.81692298020056e-07
326.584	28.591	-19.048	3.64902850965439e-06	8.22573084763496e-07	-8.22573084763496e-07
372.058	23.234	-16.882	4.51321122674326e-06	9.91199570291832e-07	-9.91199570291832e-07
432.417	25.557	-37.125	2.6720416525158e-06	6.00712406196591e-07	-6.00712406196591e-07
491.399	26.751	-33.425	3.0237916659409e-06	6.88148245026004e-07	-6.88148245026004e-07
544.458	33.868	-26.308	3.42142606015447e-06	7.78641099591601e-07	-7.78641099591601e-07
595.447	10.459	-17.122	7.05652144131538e-06	1.58854888426965e-06	-1.58854888426965e-06
625.817	17.698	-19.912	4.89504335765532e-06	1.07092463622103e-06	-1.07092463622103e-06
661.341	19.784	-17.825	4.58575963135229e-06	1.02955387102416e-06	-1.02955387102416e-06
701.733	19.509	-20.608	5.04385425720614e-06	1.13699812151357e-06	-1.13699812151357e-06
734.780	9.028	-13.538	1.12206057583293e-05	2.4039775015261e-06	-2.4039775015261e-06
758.522	17.881	-14.714	7.69606883985527e-06	1.73252283862356e-06	-1.73252283862356e-06
811.812	34.794	-35.409	6.40653104475945e-06	1.09380892238845e-06	-1.09380892238845e-06
9918.575	30.757	-26.911	5.44539384723292e-07	1.19081544806541e-07	-1.19081544806541e-07
9982.032	32.490	-32.7	4.86255872369636e-07	1.09340660303212e-07	-1.09340660303212e-07
10054.365	32.869	-39.843	4.82115775637755e-07	1.08776158123433e-07	-1.08776158123433e-07
10127.451	35.003	-40.216	4.95357441355652e-07	1.1126232030016e-07	-1.1126232030016e-07
10199.625	28.019	-37.171	5.88449803819937e-07	1.29096811050693e-07	-1.29096811050693e-07
10271.851	38.534	-44.207	3.79378918236092e-07	8.34977007844692e-08	-8.34977007844692e-08
10357.982	57.710	-47.597	1.71065780695756e-07	3.86398108784589e-08	-3.86398108784589e-08
10453.650	34.754	-37.958	1.55517147418948e-07	3.50092712477199e-08	-3.50092712477199e-08
10539.611	66.638	-51.206	1.42763553668678e-07	3.23931279625412e-08	-3.23931279625412e-08
10640.959	32.986	-34.711	4.08093925619894e-07	9.14568456704701e-08	-9.14568456704701e-08
10734.681	59.616	-60.735	3.24893333946732e-07	7.31384128591661e-08	-7.31384128591661e-08
10846.430	40.637	-52.133	6.19984529458364e-07	1.39411218846874e-07	-1.39411218846874e-07
10921.901	42.892	-34.834	7.24785976596612e-07	1.62611910580779e-07	-1.62611910580779e-07
11014.413	45.659	-49.619	3.56645830771625e-07	8.04672924069242e-08	-8.04672924069242e-08
11095.287	24.960	-35.216	3.70787774897296e-07	8.33762176630873e-08	-8.33762176630873e-08
11188.774	56.838	-68.528	2.06418797573053e-07	4.65203045532949e-08	-4.65203045532949e-08
11321.528	61.986	-75.916	2.54138631784149e-07	5.60537409642937e-08	-5.60537409642937e-08
11436.553	47.253	-53.039	2.58796010237196e-07	5.66546841517284e-08	-5.66546841517284e-08
11559.847	59.354	-76.04	1.18849382413741e-07	2.69364801498299e-08	-2.69364801498299e-08
11681.472	45.544	-62.27	1.36664465566488e-07	3.10444250411319e-08	-3.10444250411319e-08
11762.594	47.163	-35.578	2.13924260919971e-07	4.81035118271631e-08	-4.81035118271631e-08
11877.112	83.083	-67.356	2.1327183839228e-07	4.80611826549759e-08	-4.80611826549759e-08
12040.375	47.692	-80.18	1.66107858075299e-07	3.76885674000012e-08	-3.76885674000012e-08
12128.165	27.599	-40.098	2.76391444036183e-07	6.22199073941603e-08	-6.22199073941603e-08
12204.996	51.061	-49.231	1.74972947480815e-07	3.94333904752607e-08	-3.94333904752607e-08
12329.332	54.596	-73.275	1.57710006573301e-07	3.33708495146289e-08	-3.33708495146289e-08
15767.599	71.301	-84.152	1.50696410800511e-07	3.41386808332716e-08	-3.41386808332716e-08
15883.251	65.971	-44.351	2.01721370654347e-07	4.55981851341314e-08	-4.55981851341314e-08
16058.419	136.519	-109.198	8.30529396518771e-08	1.90226190204422e-08	-1.90226190204422e-08
16307.282	85.734	-112.343	9.59847973547353e-08	2.16969132670483e-08	-2.16969132670483e-08
16491.823	99.270	-98.807	1.16541436736794e-07	2.58294843123225e-08	-2.58294843123225e-08
16690.908	83.219	-99.815	1.45929454092518e-07	3.29866794720152e-08	-3.29866794720152e-08
16879.124	143.227	-104.997	1.25132517452452e-07	2.85031889116288e-08	-2.85031889116288e-08
17192.635	178.225	-170.284	1.50292466003704e-07	2.64916492050072e-08	-2.64916492050072e-08
22673.884	89.316	-68.645	5.9829496813698e-08	1.35828472168243e-08	-1.35828472168243e-08
22850.536	78.146	-87.336	5.69538914940551e-08	1.28394089628696e-08	-1.28394089628696e-08
23014.645	64.476	-85.963	7.30693372102364e-08	1.64723993132144e-08	-1.64723993132144e-08
23167.830	81.787	-88.71	7.5429247214565e-08	1.7185022454184e-08	-1.7185022454184e-08
23355.219	84.954	-105.601	8.23268081043812e-08	1.85810590752837e-08	-1.85810590752837e-08
23542.236	98.522	-102.063	8.34854498227402e-08	2.05563870555436e-08	-2.05563870555436e-08
23768.991	152.581	-128.233	1.61766763426552e-07	2.72239678053845e-08	-2.72239678053845e-08
40521.848	175.654	-333.98	6.60881402650607e-08	1.7224439684159e-08	-1.7224439684159e-08
40905.513	323.536	-208.011	5.66443913868681e-08	1.14865616573865e-08	-1.14865616573865e-08
46035.125	110.813	-152.455	7.18242465552489e-08	1.88626043835528e-08	-1.88626043835528e-08
46415.653	161.542	-269.715	4.43620110864134e-08	1.17005324919323e-08	-1.17005324919323e-08
46768.264	230.155	-191.069	7.00706529279886e-08	1.48141309876542e-08	-1.48141309876542e-08
54305.150	2125.887	-2434.33	7.38589948603199e-08	1.46636184681394e-08	-1.46636184681394e-08
64106.596	3845.254	-2276.566	6.75984878911324e-08	1.12564234494223e-08	-1.12564234494223e-08
102799.121	670.812	-597.881	3.23185522798594e-08	6.20503178043462e-09	-6.20503178043462e-09
134631.169	292059.646	-25645.954	2.94802442536265e-09	4.38482628256385e-10	-4.38482628256385e-10
972004.305	221784.172	-326192.91	2.45710013876942e-10	1.17516032737584e-10	-1.17516032737584e-10
NO NO NO NO NO NO
! xrtpcgamma
223.269	16.570	-16.025	2.08315485838227	0.438533884265913	-0.322592954602155
252.490	12.422	-12.651	1.9781292997423	0.292908636383593	-0.215601910325023
287.152	20.384	-22.24	1.8682828224552	0.236883369943034	-0.172743096221306
326.584	28.591	-19.048	1.7584060749405	0.331686678597614	-0.24035177516786
372.058	23.234	-16.882	1.76782667882831	0.243062256808682	-0.176220005559107
432.417	25.557	-37.125	1.7855719043482	0.306852683904001	-0.222701905771538
491.399	26.751	-33.425	1.72975654215863	0.245700949950475	-0.177422798277746
544.458	33.868	-26.308	1.66834642990649	0.298317851545416	-0.213419989878191
595.447	10.459	-17.122	1.70154070704035	0.253533624417012	-0.182051915798638
625.817	17.698	-19.912	1.75901960529919	0.264086895128345	-0.191776706356484
661.341	19.784	-17.825	1.76758139560602	0.293531157202746	-0.213789291777716
701.733	19.509	-20.608	1.67781463247959	0.202117160446261	-0.151284258750664
734.780	9.028	-13.538	1.60813408017747	0.185448286717452	-0.146040856179691
758.522	17.881	-14.714	1.55998159301091	0.211160799622422	-0.168820201313148
811.812	34.794	-35.409	1.55115680846009	0.214347969003348	-0.171399178877325
9918.575	30.757	-26.911	1.59276247871478	0.351531491397319	-0.250702442435755
9982.032	32.490	-32.7	1.56520664686987	0.283409694687132	-0.20214743719266
10054.365	32.869	-39.843	1.50418339580166	0.269052904423238	-0.192180133501664
10127.451	35.003	-40.216	1.47640273085512	0.279159686789438	-0.199370674581396
10199.625	28.019	-37.171	1.48879662873395	0.271026259723497	-0.192864711503434
10271.851	38.534	-44.207	1.59030348550542	0.302107745851928	-0.215119349046289
10357.982	57.710	-47.597	1.85332953033769	0.235034672182826	-0.171949167941728
10453.650	34.754	-37.958	2.0933723138584	0.302986857677752	-0.225690004829061
10539.611	66.638	-51.206	1.88364021884279	0.236740538525857	-0.173064446843683
10640.959	32.986	-34.711	1.63855237687891	0.310430964294186	-0.220468398297022
10734.681	59.616	-60.735	1.4437727884723	0.272432883549023	-0.193863669721493
10846.430	40.637	-52.133	1.23271082066951	0.254210049807473	-0.185278516179588
10921.901	42.892	-34.834	1.22396296981799	0.272203830656375	-0.198888558875312
11014.413	45.659	-49.619	1.50692475695051	0.236277430914132	-0.171647898258656
11095.287	24.960	-35.216	1.75234976272534	0.33188343424194	-0.240497728905261
11188.774	56.838	-68.528	1.67141373197003	0.247855095271715	-0.179152260429596
11321.528	61.986	-75.916	1.53304233563993	0.315902587984299	-0.226728522029006
11436.553	47.253	-53.039	1.69036730785004	0.249294177988054	-0.180045831978938
11559.847	59.354	-76.04	1.91637227647928	0.26346813854129	-0.194582402801216
11681.472	45.544	-62.27	1.95786809423961	0.257678754056292	-0.190385267005154
11762.594	47.163	-35.578	1.87424663377554	0.233778449349164	-0.171060121127548
11877.112	83.083	-67.356	1.75717669750662	0.322765806068923	-0.234315545900705
12040.375	47.692	-80.18	1.80895665581167	0.217009317816906	-0.161031614636178
12128.165	27.599	-40.098	1.84503724220168	0.215580133095842	-0.165052010310942
12204.996	51.061	-49.231	1.87640015881392	0.260485779522008	-0.201300530240815
12329.332	54.596	-73.275	1.87791182260347	0.255917466771053	-0.197753118933383
15767.599	71.301	-84.152	1.85238974529667	0.324721361055737	-0.237269237239964
15883.251	65.971	-44.351	1.8575271133107	0.311017933655244	-0.227255797795648
16058.419	136.519	-109.198	1.89126746842174	0.235598505223425	-0.172359418030112
16307.282	85.734	-112.343	1.938575188239	0.323085592182798	-0.236823873342872
16491.823	99.270	-98.807	1.86196398557565	0.248355490904323	-0.182994577393529
16690.908	83.219	-99.815	1.77300521245215	0.199298780461029	-0.151374194388414
16879.124	143.227	-104.997	1.68987354425348	0.222981094989803	-0.173881638473747
17192.635	178.225	-170.284	1.68294663947058	0.236730966992478	-0.184889025916754
22673.884	89.316	-68.645	2.17899520234246	0.302447039264234	-0.226612507105705
22850.536	78.146	-87.336	2.18800292266289	0.304361452439636	-0.228041281804837
23014.645	64.476	-85.963	2.10668907374743	0.228949673962495	-0.170705467758218
23167.830	81.787	-88.71	2.0313094426788	0.247229351401425	-0.182486301565935
23355.219	84.954	-105.601	1.93207829649408	0.290167466791424	-0.213566606458295
23542.236	98.522	-102.063	1.8132057244779	0.240317376974574	-0.174224130786103
23768.991	152.581	-128.233	1.68768087555858	0.346499250915846	-0.248779072376758
40521.848	175.654	-333.98	1.75893921232988	0.199684822159953	-0.158980184637463
40905.513	323.536	-208.011	1.76019799077521	0.201900893498926	-0.160938869003164
46035.125	110.813	-152.455	1.73521570097274	0.193324787358421	-0.153766412325604
46415.653	161.542	-269.715	1.72919041910077	0.189851630688785	-0.150607610592585
46768.264	230.155	-191.069	1.72365110700364	0.187222926393426	-0.148094470929419
54305.150	2125.887	-2434.33	1.61429053255439	0.247072269470844	-0.182332473091477
64106.596	3845.254	-2276.566	1.56737361158002	0.257005304563209	-0.188524394747087
102799.121	670.812	-597.881	1.65968965229349	0.258858697147486	-0.186136596772777
134631.169	292059.646	-25645.954	1.86192206505756	0.363338368799631	-0.260957141603445
972004.305	221784.172	-326192.91	1.85362436980323	0.352864347001343	-0.253434204507106
