READ TERR 1 2
! xrtwtslewflux
68.6680935894353	0.357081462356774	-0.740525587791225	0.000766472924855054	0.00010360058792131	-0.00010360058792131
69.4837731477519	0.514586906843988	-0.458598095959815	0.00114287563067166	0.000115308327821827	-0.000115308327821827
70.4454012657781	0.462125780528538	-0.447041211182153	0.00127635304916933	0.000132726944487858	-0.000132726944487858
71.4654572035941	0.518447830574075	-0.557930157287529	0.00119736168376111	0.000132483077269563	-0.000132483077269563
72.3970505881612	0.494220423771253	-0.413145553992948	0.00158425477203853	0.000158747887406128	-0.000158747887406128
73.3924862854671	0.511126762235662	-0.50121527353474	0.00122112750025589	0.000126748373456017	-0.000126748373456017
74.3835501065766	0.486176925711035	-0.479937058873759	0.00116384416794603	0.000152760080324375	-0.000152760080324375
75.3982231070029	0.396548938712371	-0.528496074715335	0.00128165514424814	0.000167102118360771	-0.000167102118360771
76.2184489148351	0.408988097463549	-0.423676869119745	0.00148376764735426	0.000226173611117509	-0.000226173611117509
77.1646042102236	0.395976818237912	-0.537167197924987	0.00167882265192847	0.00022497495788255	-0.00022497495788255
NO NO NO NO NO NO
! xrtwtslewgamma
68.6680935894353	0.357081462356774	-0.740525587791225	1.61796108891275	0.218699421609388	-0.185498218389879
69.4837731477519	0.514586906843988	-0.458598095959815	1.61472080728085	0.12799641216773	-0.10852922524249
70.4454012657781	0.462125780528538	-0.447041211182153	1.61094925084905	0.155973799945193	-0.13002912568413
71.4654572035941	0.518447830574075	-0.557930157287529	1.56978383273827	0.1122182225689	-0.0948345434472648
72.3970505881612	0.494220423771253	-0.413145553992948	1.53554010207881	0.132823811816724	-0.114636390926265
73.3924862854671	0.511126762235662	-0.50121527353474	1.60228142420118	0.110690729268303	-0.0943012776951192
74.3835501065766	0.486176925711035	-0.479937058873759	1.63972112971304	0.141509875073047	-0.120057273923723
75.3982231070029	0.396548938712371	-0.528496074715335	1.59513499393068	0.0927716977312769	-0.080471998878285
76.2184489148351	0.408988097463549	-0.423676869119745	1.55952952079514	0.104780784344714	-0.0930706915585928
77.1646042102236	0.395976818237912	-0.537167197924987	1.51893040186541	0.1616640678886	-0.142804422843874
NO NO NO NO NO NO
! xrtwtflux
82.734	0.561	-0.59	0.00235201291946238	0.000437938091750282	-0.000437938091750282
83.914	0.664	-0.619	0.00183990024394064	0.000393721876350384	-0.000393721876350384
85.105	0.560	-0.527	0.0019520602362679	0.000411458394721463	-0.000411458394721463
86.213	0.680	-0.548	0.00161144243574945	0.000340661458726475	-0.000340661458726475
87.491	0.561	-0.599	0.00171411595120442	0.000362787353054507	-0.000362787353054507
88.692	0.666	-0.64	0.00156730429540723	0.000321969192873512	-0.000321969192873512
89.918	0.519	-0.559	0.00190374158231083	0.000331609342356866	-0.000331609342356866
91.085	0.634	-0.648	0.00166752144563961	0.000321808462206214	-0.000321808462206214
92.269	0.555	-0.55	0.00208729300697	0.000313228696894241	-0.000313228696894241
93.429	0.590	-0.604	0.00210466757734071	0.000321899356762016	-0.000321899356762016
94.376	0.485	-0.358	0.00298417619611683	0.000563288033626708	-0.000563288033626708
95.360	0.459	-0.498	0.00266899054128633	0.000473401082737892	-0.000473401082737892
96.392	0.553	-0.573	0.00238390011996965	0.000415215442800699	-0.000415215442800699
97.513	0.462	-0.568	0.00266473769148949	0.000397002770301849	-0.000397002770301849
98.415	0.465	-0.44	0.00301607075510374	0.000441702647866038	-0.000441702647866038
99.457	0.539	-0.577	0.00234394650791676	0.000355418290375458	-0.000355418290375458
100.526	0.486	-0.53	0.00258998397637061	0.000516601063613155	-0.000516601063613155
101.543	0.471	-0.531	0.00258888039657655	0.000432888976496956	-0.000432888976496956
102.463	0.395	-0.45	0.00309447169759997	0.000503076855770564	-0.000503076855770564
103.329	0.444	-0.471	0.00261276663944394	0.000501236306171185	-0.000501236306171185
104.306	0.471	-0.533	0.00218277588237078	0.000412902186193232	-0.000412902186193232
105.172	0.453	-0.396	0.0027942580376314	0.000569844556496894	-0.000569844556496894
106.054	0.466	-0.429	0.00277941961579416	0.000487767104607413	-0.000487767104607413
106.869	0.402	-0.349	0.00361724947301306	0.000726734667109271	-0.000726734667109271
107.647	0.383	-0.376	0.00383602609416024	0.000758659378811326	-0.000758659378811326
108.363	0.424	-0.333	0.00372701446259345	0.000677635050123815	-0.000677635050123815
109.213	0.383	-0.426	0.00346003417683862	0.000530791964101943	-0.000530791964101943
109.974	0.435	-0.378	0.00350719248567707	0.000566358873926501	-0.000566358873926501
110.907	0.436	-0.498	0.00304083210321896	0.00054465077773767	-0.00054465077773767
111.748	0.379	-0.405	0.00344471642081876	0.000636278237710971	-0.000636278237710971
112.545	0.358	-0.417	0.00329233793205846	0.000513583817231253	-0.000513583817231253
113.417	0.506	-0.514	0.00211261844591844	0.000352893070976812	-0.000352893070976812
114.449	0.486	-0.527	0.00192378001186135	0.000306334794539204	-0.000306334794539204
115.381	0.513	-0.446	0.00172665318713155	0.000299338476695123	-0.000299338476695123
116.300	0.409	-0.406	0.00233630332160657	0.000479365393339222	-0.000479365393339222
117.216	0.438	-0.507	0.00213726205061032	0.000374048897182157	-0.000374048897182157
118.096	0.456	-0.442	0.00233402702365848	0.000320128255222899	-0.000320128255222899
119.003	0.413	-0.451	0.00249518035592114	0.000496078393623889	-0.000496078393623889
119.910	0.571	-0.493	0.0015219519877243	0.000316648217533961	-0.000316648217533961
121.041	0.578	-0.56	0.00105997904653518	0.00019838931121111	-0.00019838931121111
122.151	0.518	-0.532	0.00116665336130045	0.000238739093852585	-0.000238739093852585
123.172	0.508	-0.503	0.00129820516931653	0.000268748860594217	-0.000268748860594217
124.203	0.614	-0.523	0.00120981095817389	0.000255528156177707	-0.000255528156177707
125.403	0.684	-0.586	0.00105643327663863	0.000226737041634704	-0.000226737041634704
126.568	0.588	-0.481	0.00119228825334224	0.000251558045354725	-0.000251558045354725
127.754	0.541	-0.598	0.00083780231615844	0.000171000829056502	-0.000171000829056502
128.900	0.617	-0.605	0.000611463370928491	0.000122917475011447	-0.000122917475011447
130.143	0.756	-0.626	0.000541231448686114	0.000109410534146688	-0.000109410534146688
131.679	0.791	-0.78	0.000571366140817336	0.000120064622299401	-0.000120064622299401
133.230	0.782	-0.76	0.000636867373706366	0.000125693131925066	-0.000125693131925066
134.679	0.638	-0.666	0.000620264526372676	0.000122542513452374	-0.000122542513452374
136.007	0.649	-0.691	0.000362330542014014	7.69367035168188e-05	-7.69367035168188e-05
137.417	0.575	-0.761	0.000333572561432652	7.20171687233976e-05	-7.20171687233976e-05
138.802	0.751	-0.81	0.000441780141963328	8.64647545250929e-05	-8.64647545250929e-05
140.488	0.808	-0.935	0.000384003960673822	7.42821241922152e-05	-7.42821241922152e-05
142.036	0.694	-0.74	0.000310216552963625	6.51390724417845e-05	-6.51390724417845e-05
143.593	0.988	-0.862	0.000220661286725956	4.78252421364156e-05	-4.78252421364156e-05
145.408	0.873	-0.827	0.000238242787323094	5.1302687289757e-05	-5.1302687289757e-05
147.061	0.765	-0.779	0.000264386568134616	5.71459608578961e-05	-5.71459608578961e-05
148.601	0.873	-0.775	0.000199296731350911	4.22761771749682e-05	-4.22761771749682e-05
150.474	1.031	-1.001	0.000119849321798324	2.56767370321505e-05	-2.56767370321505e-05
152.526	0.973	-1.021	8.97009167593013e-05	1.92684681237682e-05	-1.92684681237682e-05
154.766	1.088	-1.266	7.0335131658441e-05	1.45158148138343e-05	-1.45158148138343e-05
156.714	1.344	-0.861	6.602018726195e-05	1.41476243893936e-05	-1.41476243893936e-05
158.340	0.251	-0.282	6.49585695689638e-05	8.2417961099253e-06	-8.2417961099253e-06
158.898	0.307	-0.307	4.92059917797748e-05	6.31026439405888e-06	-6.31026439405888e-06
159.460	0.256	-0.255	6.83898697220325e-05	8.89562778781197e-06	-8.89562778781197e-06
159.958	0.265	-0.242	8.89557672787043e-05	1.09631210749249e-05	-1.09631210749249e-05
160.513	0.297	-0.29	8.73783396689305e-05	1.09423157680317e-05	-1.09423157680317e-05
161.092	0.289	-0.282	8.91727919096663e-05	1.16988061740759e-05	-1.16988061740759e-05
161.626	0.262	-0.245	0.000101284143769374	1.22207780027614e-05	-1.22207780027614e-05
162.175	0.297	-0.286	7.12768796577567e-05	9.03109323559986e-06	-9.03109323559986e-06
162.740	0.235	-0.268	7.24720868172036e-05	9.41105326851899e-06	-9.41105326851899e-06
163.222	0.271	-0.247	7.83080810783546e-05	9.8986079018412e-06	-9.8986079018412e-06
163.802	0.244	-0.309	7.88406552655267e-05	1.00173775088241e-05	-1.00173775088241e-05
164.290	0.313	-0.244	8.47776546899118e-05	1.07646421787958e-05	-1.07646421787958e-05
164.889	0.310	-0.286	8.66433429196417e-05	1.10134527686324e-05	-1.10134527686324e-05
165.550	0.305	-0.351	7.99212434451223e-05	1.08597442516516e-05	-1.08597442516516e-05
166.186	0.318	-0.331	8.89215356839036e-05	1.16956050819034e-05	-1.16956050819034e-05
166.853	0.356	-0.348	9.12150211661093e-05	1.14626252080146e-05	-1.14626252080146e-05
167.522	0.341	-0.312	8.34655103275873e-05	1.07085585279016e-05	-1.07085585279016e-05
168.260	0.455	-0.397	5.24650526355588e-05	6.80517766453294e-06	-6.80517766453294e-06
169.079	0.345	-0.365	5.19478301440598e-05	6.59385630687606e-06	-6.59385630687606e-06
169.761	0.374	-0.336	4.88282674820801e-05	6.11943658792528e-06	-6.11943658792528e-06
170.479	0.299	-0.345	6.34307246307743e-05	8.08250207539533e-06	-8.08250207539533e-06
171.197	0.347	-0.418	5.98855639672451e-05	8.04244239453834e-06	-8.04244239453834e-06
171.992	0.426	-0.449	6.34629826355086e-05	8.40821774596095e-06	-8.40821774596095e-06
172.713	0.310	-0.294	0.000100566029139472	1.28837265844846e-05	-1.28837265844846e-05
173.381	0.379	-0.357	8.33383699744432e-05	1.06781070715689e-05	-1.06781070715689e-05
174.120	0.382	-0.359	8.50667857863877e-05	1.06690333673131e-05	-1.06690333673131e-05
174.876	0.344	-0.374	7.9131740812747e-05	1.00858905820975e-05	-1.00858905820975e-05
175.647	0.494	-0.426	4.39127096690764e-05	5.76050366330066e-06	-5.76050366330066e-06
176.562	0.319	-0.422	3.85784691160781e-05	4.94654795275616e-06	-4.94654795275616e-06
177.216	0.327	-0.335	3.35724796462103e-05	4.24736403343521e-06	-4.24736403343521e-06
177.961	0.510	-0.419	1.79760090664885e-05	2.28054958201146e-06	-2.28054958201146e-06
178.980	0.474	-0.508	2.03925172710793e-05	2.64797177412636e-06	-2.64797177412636e-06
179.924	0.485	-0.471	2.52723717472304e-05	3.28283308390557e-06	-3.28283308390557e-06
180.823	0.392	-0.414	3.62076967490588e-05	4.58713323312079e-06	-4.58713323312079e-06
181.652	0.453	-0.437	3.83944352903448e-05	4.86026245607192e-06	-4.86026245607192e-06
182.576	0.510	-0.472	2.63130034777837e-05	3.32699349727205e-06	-3.32699349727205e-06
183.606	0.450	-0.519	2.31651328730649e-05	2.96011374060399e-06	-2.96011374060399e-06
184.403	0.393	-0.347	2.72492802193257e-05	3.56225569461697e-06	-3.56225569461697e-06
185.275	0.400	-0.479	2.12226822880793e-05	2.70971772213812e-06	-2.70971772213812e-06
186.028	0.344	-0.353	2.69888812891222e-05	3.38107199401711e-06	-3.38107199401711e-06
186.865	0.427	-0.493	2.1201021683104e-05	2.7346201324148e-06	-2.7346201324148e-06
187.766	0.577	-0.474	2.0151617187254e-05	2.56867446121548e-06	-2.56867446121548e-06
188.860	0.459	-0.516	2.41141538867317e-05	3.04819253067204e-06	-3.04819253067204e-06
189.894	0.550	-0.576	2.11207176618316e-05	2.71410530742782e-06	-2.71410530742782e-06
191.000	0.512	-0.555	2.16417777281472e-05	2.70845109138787e-06	-2.70845109138787e-06
192.133	0.559	-0.621	1.79389516994325e-05	2.29369329778034e-06	-2.29369329778034e-06
193.173	0.629	-0.481	1.72642318598484e-05	2.27733445340993e-06	-2.27733445340993e-06
194.397	0.620	-0.595	1.54013187469106e-05	1.96234042188113e-06	-1.96234042188113e-06
195.571	0.647	-0.554	1.57869618751938e-05	2.05554804346588e-06	-2.05554804346588e-06
196.841	0.626	-0.623	1.6153227279318e-05	2.02547081675332e-06	-2.02547081675332e-06
198.136	0.620	-0.669	1.61906306264766e-05	2.03430874934141e-06	-2.03430874934141e-06
199.541	0.735	-0.784	1.35898995199873e-05	1.78083890841491e-06	-1.78083890841491e-06
200.991	0.651	-0.715	1.55450259290453e-05	1.93759228350213e-06	-1.93759228350213e-06
202.241	0.650	-0.599	1.67159440527244e-05	2.12836888577097e-06	-2.12836888577097e-06
203.744	0.722	-0.852	1.32002020749741e-05	1.68162028646569e-06	-1.68162028646569e-06
205.230	0.889	-0.764	1.27148995410125e-05	1.58983059141213e-06	-1.58983059141213e-06
206.445	0.284	-0.326	1.35994515536932e-05	1.66163753848049e-06	-1.66163753848049e-06
207.028	0.301	-0.299	1.32122875839066e-05	1.64604923848925e-06	-1.64604923848925e-06
207.620	0.253	-0.292	1.46075525441071e-05	1.80920256393275e-06	-1.80920256393275e-06
208.208	0.328	-0.335	1.22114705554598e-05	1.49197994295934e-06	-1.49197994295934e-06
208.813	0.325	-0.276	1.39905986746599e-05	1.71964906083938e-06	-1.71964906083938e-06
209.428	0.292	-0.29	1.49460996620631e-05	1.85113103261434e-06	-1.85113103261434e-06
209.957	0.293	-0.237	1.24510105552486e-05	1.81227666024989e-06	-1.81227666024989e-06
210.535	0.326	-0.285	1.55276843762922e-05	1.92315315003378e-06	-1.92315315003378e-06
211.166	0.324	-0.306	1.27052560635634e-05	1.66839629075267e-06	-1.66839629075267e-06
211.725	0.269	-0.235	1.21869097727069e-05	1.79696466928158e-06	-1.79696466928158e-06
212.230	0.277	-0.237	1.13252066510356e-05	1.68835815565537e-06	-1.68835815565537e-06
212.860	0.306	-0.352	1.41771876499192e-05	1.7801046252932e-06	-1.7801046252932e-06
213.512	0.303	-0.346	1.76204844341673e-05	2.18233857748353e-06	-2.18233857748353e-06
214.123	0.239	-0.307	1.70319261591013e-05	2.5390896509679e-06	-2.5390896509679e-06
214.692	0.326	-0.33	2.26307496735997e-05	2.76500251640516e-06	-2.76500251640516e-06
215.263	0.283	-0.245	2.00615324696902e-05	2.95807790988033e-06	-2.95807790988033e-06
215.856	0.275	-0.31	2.2123931054909e-05	3.01087322317085e-06	-3.01087322317085e-06
216.410	0.236	-0.279	1.86747514916609e-05	2.84109857312347e-06	-2.84109857312347e-06
216.948	0.213	-0.303	1.72996942144791e-05	2.55082862579544e-06	-2.55082862579544e-06
217.445	0.259	-0.283	1.46367234506885e-05	2.20147476631259e-06	-2.20147476631259e-06
217.944	0.264	-0.239	1.50671859684817e-05	2.24621963732983e-06	-2.24621963732983e-06
218.643	0.375	-0.435	1.01215371086888e-05	1.508915398882e-06	-1.508915398882e-06
219.244	0.277	-0.227	1.7121377209374e-05	2.60478073284577e-06	-2.60478073284577e-06
219.759	0.290	-0.238	1.72609616578369e-05	2.62602071744531e-06	-2.62602071744531e-06
220.310	0.271	-0.261	1.64981397078698e-05	2.45953790790835e-06	-2.45953790790835e-06
220.835	0.304	-0.253	1.48983609346857e-05	2.16268694083384e-06	-2.16268694083384e-06
221.401	0.255	-0.263	1.28505861366474e-05	1.87456997274615e-06	-1.87456997274615e-06
221.944	0.288	-0.288	9.42679240941029e-06	1.4053506703537e-06	-1.4053506703537e-06
222.509	0.332	-0.276	7.98428777769993e-06	1.21471092812341e-06	-1.21471092812341e-06
223.115	0.281	-0.274	9.06324202012691e-06	1.37886093211649e-06	-1.37886093211649e-06
223.714	0.367	-0.318	7.71865225158437e-06	1.1506991957211e-06	-1.1506991957211e-06
224.420	0.323	-0.339	1.22597137718435e-05	1.51841521956473e-06	-1.51841521956473e-06
225.114	0.323	-0.371	8.41139674189142e-06	1.25397269516066e-06	-1.25397269516066e-06
225.727	0.305	-0.291	1.04803467131506e-05	1.56241377278577e-06	-1.56241377278577e-06
226.411	0.383	-0.378	8.71326963746138e-06	1.32560861846744e-06	-1.32560861846744e-06
227.130	0.328	-0.336	1.09903710309515e-05	1.63844861467216e-06	-1.63844861467216e-06
227.805	0.327	-0.347	1.0436691913169e-05	1.55590699811702e-06	-1.55590699811702e-06
228.479	0.297	-0.347	9.92536909972211e-06	1.51001823076974e-06	-1.51001823076974e-06
229.153	0.338	-0.377	8.37126334906435e-06	1.24798414927607e-06	-1.24798414927607e-06
229.728	0.286	-0.237	1.03644560372136e-05	1.6094435464137e-06	-1.6094435464137e-06
230.283	0.257	-0.268	1.18014651992063e-05	1.70350034220112e-06	-1.70350034220112e-06
230.794	0.307	-0.255	1.14900552844815e-05	1.67610880195099e-06	-1.67610880195099e-06
231.439	0.345	-0.338	9.35782278436284e-06	1.48349762838744e-06	-1.48349762838744e-06
232.089	0.288	-0.304	1.20572682038274e-05	1.83436622495978e-06	-1.83436622495978e-06
232.694	0.354	-0.317	1.02978507344823e-05	1.56669071143871e-06	-1.56669071143871e-06
233.373	0.299	-0.326	1.06457743292037e-05	1.58708415979571e-06	-1.58708415979571e-06
234.025	0.274	-0.352	9.62950140666683e-06	1.52656189311626e-06	-1.52656189311626e-06
234.650	0.307	-0.352	9.13735293861353e-06	1.36220134247882e-06	-1.36220134247882e-06
235.270	0.281	-0.313	9.87731119695044e-06	1.47251273692073e-06	-1.47251273692073e-06
235.988	0.323	-0.437	7.41295337891151e-06	1.1277904710327e-06	-1.1277904710327e-06
236.623	0.310	-0.312	8.97290614875279e-06	1.33768934327674e-06	-1.33768934327674e-06
237.370	0.419	-0.436	6.25874675690639e-06	9.52192980002356e-07	-9.52192980002356e-07
238.173	0.427	-0.384	6.36901667997283e-06	9.49495206815622e-07	-9.49495206815622e-07
239.016	0.428	-0.415	5.68001174870143e-06	8.64142160797692e-07	-8.64142160797692e-07
239.735	0.391	-0.292	6.76164631851707e-06	1.00802419649963e-06	-1.00802419649963e-06
240.597	0.547	-0.47	4.26867896166954e-06	6.36373664537272e-07	-6.36373664537272e-07
241.487	0.367	-0.343	5.73864521890211e-06	8.55520178566904e-07	-8.55520178566904e-07
242.307	0.376	-0.453	4.55553371052807e-06	6.93066830589666e-07	-6.93066830589666e-07
242.989	0.245	-0.305	6.53433006245606e-06	9.94111834051676e-07	-9.94111834051676e-07
243.690	0.427	-0.457	3.91816907858706e-06	5.84119654492185e-07	-5.84119654492185e-07
244.482	0.356	-0.364	4.46938093965825e-06	6.79956174525002e-07	-6.79956174525002e-07
245.280	0.362	-0.442	4.20985713884596e-06	6.27603163442269e-07	-6.27603163442269e-07
246.046	0.374	-0.404	4.88313810496338e-06	7.27972173264982e-07	-7.27972173264982e-07
246.900	0.406	-0.48	4.8670085278752e-06	7.25567076667048e-07	-7.25567076667048e-07
247.719	0.473	-0.413	5.49700333330595e-06	8.19485598213489e-07	-8.19485598213489e-07
248.648	0.501	-0.456	5.83644445676607e-06	8.70088171840211e-07	-8.70088171840211e-07
249.478	0.258	-0.329	1.14197176735713e-05	1.73734624166176e-06	-1.73734624166176e-06
250.231	0.453	-0.495	8.59372871077919e-06	1.28114258489318e-06	-1.28114258489318e-06
251.069	0.387	-0.385	1.28851896158303e-05	1.92091391504866e-06	-1.92091391504866e-06
251.985	0.402	-0.529	1.19172549872337e-05	1.88922635709385e-06	-1.88922635709385e-06
252.845	0.521	-0.458	1.11064239062614e-05	1.68968948650649e-06	-1.68968948650649e-06
253.784	0.304	-0.418	1.42298519623075e-05	2.16486265868476e-06	-2.16486265868476e-06
254.673	0.617	-0.585	8.23273474872703e-06	1.22732395121543e-06	-1.22732395121543e-06
255.676	0.408	-0.385	1.24608330305205e-05	1.89573373382018e-06	-1.89573373382018e-06
256.864	0.553	-0.78	7.76609134538367e-06	1.15775234249065e-06	-1.15775234249065e-06
257.878	0.472	-0.462	1.1369182540011e-05	1.69489417668938e-06	-1.69489417668938e-06
258.961	0.574	-0.611	8.70232275018121e-06	1.29732586258917e-06	-1.29732586258917e-06
260.160	0.505	-0.624	8.18667762321741e-06	1.24548585295587e-06	-1.24548585295587e-06
261.184	0.527	-0.519	8.28705307350724e-06	1.23542237469844e-06	-1.23542237469844e-06
262.106	0.486	-0.395	9.16577599977254e-06	1.36642656522236e-06	-1.36642656522236e-06
263.144	0.588	-0.552	6.80090765263241e-06	1.01387977718815e-06	-1.01387977718815e-06
264.395	0.504	-0.663	6.33487000976275e-06	9.44402655991928e-07	-9.44402655991928e-07
265.480	0.544	-0.581	6.21381862061267e-06	9.45344644865392e-07	-9.45344644865392e-07
266.600	0.591	-0.576	6.50880282033918e-06	9.70323156869774e-07	-9.70323156869774e-07
267.680	0.541	-0.489	9.74483064046883e-06	1.48254267752744e-06	-1.48254267752744e-06
268.726	0.544	-0.505	1.2892844448546e-05	1.92205160923397e-06	-1.92205160923397e-06
269.791	0.499	-0.52	1.72834319787959e-05	2.62942423642963e-06	-2.62942423642963e-06
270.792	0.535	-0.502	1.59558017917178e-05	2.37866795141989e-06	-2.37866795141989e-06
271.859	0.751	-0.531	1.18818461399237e-05	1.77133714466893e-06	-1.77133714466893e-06
273.101	0.537	-0.491	1.33423986180694e-05	1.98907551448034e-06	-1.98907551448034e-06
274.293	0.554	-0.654	9.42799054232429e-06	1.40552131183974e-06	-1.40552131183974e-06
275.469	0.491	-0.622	8.51646383466085e-06	1.26962390357415e-06	-1.26962390357415e-06
276.517	0.594	-0.557	6.89961863283917e-06	1.04968014617626e-06	-1.04968014617626e-06
277.761	0.680	-0.65	5.6079696556993e-06	8.53175991422529e-07	-8.53175991422529e-07
279.256	0.602	-0.815	5.34514542377048e-06	8.13193928468369e-07	-8.13193928468369e-07
280.433	0.596	-0.575	6.56048133059417e-06	9.98087689581062e-07	-9.98087689581062e-07
281.674	0.617	-0.645	6.26853241344897e-06	9.34507382639421e-07	-9.34507382639421e-07
282.994	0.486	-0.704	6.82273344586777e-06	1.01712524923117e-06	-1.01712524923117e-06
284.296	0.647	-0.816	5.70171475378202e-06	8.50004149960559e-07	-8.50004149960559e-07
285.681	0.735	-0.738	5.73323379287744e-06	8.72230662531732e-07	-8.72230662531732e-07
287.097	0.676	-0.681	6.26310523228505e-06	9.72559243335859e-07	-9.72559243335859e-07
288.244	0.566	-0.47	8.42811229754861e-06	1.28221722389493e-06	-1.28221722389493e-06
289.604	0.615	-0.795	6.35994514969544e-06	9.48130469578185e-07	-9.48130469578185e-07
291.000	0.672	-0.78	5.97804623745097e-06	9.47687122335616e-07	-9.47687122335616e-07
292.242	0.503	-0.57	9.92006548081892e-06	1.47887373717607e-06	-1.47887373717607e-06
293.545	0.984	-0.801	7.17430472841556e-06	1.06953941859626e-06	-1.06953941859626e-06
295.432	0.871	-0.903	9.41804681878182e-06	1.40403665965858e-06	-1.40403665965858e-06
297.188	0.739	-0.885	1.0071800868677e-05	1.53229315893047e-06	-1.53229315893047e-06
298.775	0.684	-0.848	9.8509460337241e-06	1.4685801658386e-06	-1.4685801658386e-06
300.513	1.112	-1.055	6.08299117412289e-06	9.44598727232048e-07	-9.44598727232048e-07
302.277	0.902	-0.651	1.02453787504027e-05	1.5586953678599e-06	-1.5586953678599e-06
303.891	0.541	-0.711	1.60913717337957e-05	2.44808075225791e-06	-2.44808075225791e-06
305.072	0.502	-0.64	2.12800170359629e-05	3.17241482634351e-06	-3.17241482634351e-06
306.405	0.768	-0.832	1.44510967013684e-05	2.154362766242e-06	-2.154362766242e-06
307.774	0.846	-0.6	1.49637995401267e-05	2.2307960523378e-06	-2.2307960523378e-06
309.666	0.874	-1.046	1.00357538196614e-05	1.49612507641317e-06	-1.49612507641317e-06
311.586	1.231	-1.046	7.05633336904554e-06	1.07352143953072e-06	-1.07352143953072e-06
313.824	0.722	-1.008	7.78378339034131e-06	1.1603992124762e-06	-1.1603992124762e-06
315.623	1.163	-1.077	7.43534706340032e-06	1.10845903632166e-06	-1.10845903632166e-06
317.757	1.021	-0.972	1.21749875774329e-05	1.81503498370816e-06	-1.81503498370816e-06
319.594	1.010	-0.816	1.58509314494123e-05	2.41151139778122e-06	-2.41151139778122e-06
321.507	0.881	-0.903	1.4125653043116e-05	2.10584280371207e-06	-2.10584280371207e-06
323.189	0.711	-0.801	1.45753047196791e-05	2.17288548168998e-06	-2.17288548168998e-06
324.767	0.774	-0.867	1.32752982457571e-05	1.97908133096265e-06	-1.97908133096265e-06
326.626	0.922	-1.085	1.10811232558644e-05	1.65196905183884e-06	-1.65196905183884e-06
328.389	0.824	-0.841	1.3753637176078e-05	2.05037440288615e-06	-2.05037440288615e-06
330.614	1.122	-1.401	1.04158643727584e-05	1.55278796727243e-06	-1.55278796727243e-06
332.830	1.024	-1.095	1.42070204421203e-05	2.11797915160155e-06	-2.11797915160155e-06
335.012	0.812	-1.158	1.50782091031311e-05	2.24786363712971e-06	-2.24786363712971e-06
336.903	1.138	-1.079	1.1920076341432e-05	1.81348535199462e-06	-1.81348535199462e-06
338.915	0.845	-0.874	1.49065966471288e-05	2.22227081616462e-06	-2.22227081616462e-06
340.728	1.049	-0.969	1.40695140099905e-05	2.14049930936972e-06	-2.14049930936972e-06
342.492	0.646	-0.715	2.3016148882869e-05	3.57408717258505e-06	-3.57408717258505e-06
344.107	1.194	-0.969	1.44916144625909e-05	2.2047141216371e-06	-2.2047141216371e-06
346.203	1.060	-0.901	1.50161364491615e-05	2.28449544042602e-06	-2.28449544042602e-06
348.470	0.957	-1.208	1.29718826307412e-05	1.93384740293097e-06	-1.93384740293097e-06
350.356	1.180	-0.928	1.22988869106748e-05	1.87110474099411e-06	-1.87110474099411e-06
352.484	1.103	-0.948	1.20240458316958e-05	1.79253857879615e-06	-1.79253857879615e-06
354.817	1.558	-1.23	9.86529724846575e-06	1.47070664942994e-06	-1.47070664942994e-06
357.548	1.036	-1.174	1.39101593774424e-05	2.11622852885434e-06	-2.11622852885434e-06
359.966	0.959	-1.381	1.27552928100956e-05	1.90154039768461e-06	-1.90154039768461e-06
362.097	1.398	-1.173	1.01704745846818e-05	1.54729281143631e-06	-1.54729281143631e-06
364.546	1.047	-1.051	1.15786023558229e-05	1.726130405869e-06	-1.726130405869e-06
367.034	1.370	-1.441	9.4741314728369e-06	1.41239936068734e-06	-1.41239936068734e-06
369.714	1.417	-1.31	1.06089216273369e-05	1.61399837955248e-06	-1.61399837955248e-06
372.213	1.578	-1.082	9.71378513210853e-06	1.44812231964315e-06	-1.44812231964315e-06
374.782	1.206	-0.991	9.57218469012376e-06	1.42701043023383e-06	-1.42701043023383e-06
377.265	1.587	-1.278	6.25516703546237e-06	9.51632061970225e-07	-9.51632061970225e-07
380.012	1.119	-1.16	9.03617336344364e-06	1.37472390603688e-06	-1.37472390603688e-06
382.433	1.344	-1.302	9.12639362521025e-06	1.34568936699965e-06	-1.34568936699965e-06
385.416	1.544	-1.639	1.05259602852651e-05	1.56920596611059e-06	-1.56920596611059e-06
388.406	1.078	-1.446	2.20408016535438e-05	3.28582800899722e-06	-3.28582800899722e-06
390.831	1.155	-1.347	2.94877581182282e-05	4.39599253029785e-06	-4.39599253029785e-06
393.413	1.809	-1.427	1.71741096355807e-05	2.56028340256609e-06	-2.56028340256609e-06
396.388	1.065	-1.166	1.73862101547238e-05	2.59191737575625e-06	-2.59191737575625e-06
399.269	1.513	-1.816	7.27572454663071e-06	1.15341252639832e-06	-1.15341252639832e-06
401.846	1.473	-1.064	6.73944169972798e-06	1.00471884851618e-06	-1.00471884851618e-06
404.797	1.116	-1.478	6.93056015717162e-06	1.05439580644222e-06	-1.05439580644222e-06
407.199	0.997	-1.286	8.59019043596851e-06	1.28061917919638e-06	-1.28061917919638e-06
409.721	1.538	-1.526	6.72314677722855e-06	1.02283432237942e-06	-1.02283432237942e-06
412.738	1.153	-1.479	9.52393251414662e-06	1.4198263205957e-06	-1.4198263205957e-06
415.059	1.342	-1.168	1.13107809492029e-05	1.72078955579379e-06	-1.72078955579379e-06
418.026	1.508	-1.625	1.26235137527185e-05	1.88191540850393e-06	-1.88191540850393e-06
421.158	1.117	-1.624	2.13033849593723e-05	3.24103714282863e-06	-3.24103714282863e-06
423.625	1.369	-1.35	2.21682025964562e-05	3.30483423087071e-06	-3.30483423087071e-06
426.249	1.474	-1.255	1.36232643196471e-05	2.03095151692541e-06	-2.03095151692541e-06
429.185	1.547	-1.462	7.11500707270456e-06	1.08245210116832e-06	-1.08245210116832e-06
432.160	1.616	-1.428	8.01271254718412e-06	1.21902609463297e-06	-1.21902609463297e-06
434.990	1.079	-1.214	1.23774852631111e-05	1.88306296267759e-06	-1.88306296267759e-06
437.531	1.306	-1.462	1.16389019581446e-05	1.73511099762463e-06	-1.73511099762463e-06
440.187	1.764	-1.349	1.12973517781161e-05	1.68419094882543e-06	-1.68419094882543e-06
443.551	1.175	-1.601	1.42397750486127e-05	2.12284349190284e-06	-2.12284349190284e-06
446.565	1.874	-1.839	1.17278123140775e-05	1.78422163800779e-06	-1.78422163800779e-06
449.795	1.542	-1.356	1.6542706587005e-05	2.51674407908028e-06	-2.51674407908028e-06
452.917	1.982	-1.58	1.4358648901079e-05	2.18446930952257e-06	-2.18446930952257e-06
456.427	1.910	-1.527	1.22053955869683e-05	1.81956945558472e-06	-1.81956945558472e-06
459.839	1.319	-1.503	7.90689856436835e-06	1.22781519729916e-06	-1.22781519729916e-06
463.349	1.961	-2.191	4.54201593965833e-06	6.77115522718023e-07	-6.77115522718023e-07
467.294	2.114	-1.983	6.44618417898005e-06	9.80693904846563e-07	-9.80693904846563e-07
471.032	1.459	-1.624	9.47246635262076e-06	1.44109816548438e-06	-1.44109816548438e-06
474.162	1.766	-1.671	7.6149824637383e-06	1.1352294537268e-06	-1.1352294537268e-06
478.033	1.981	-2.104	6.29693591755581e-06	9.38739171287996e-07	-9.38739171287996e-07
480.901	1.048	-0.888	1.83431024802551e-05	2.73455876889472e-06	-2.73455876889472e-06
483.305	1.535	-1.356	1.53400955227041e-05	2.43181887180027e-06	-2.43181887180027e-06
486.947	2.413	-2.107	8.23781057390549e-06	1.253261852655e-06	-1.253261852655e-06
491.426	1.487	-2.066	7.03999646848043e-06	1.07103558206888e-06	-1.07103558206888e-06
494.601	1.619	-1.687	9.37833263111392e-06	1.45630977286243e-06	-1.45630977286243e-06
498.236	1.673	-2.017	1.41964676610657e-05	2.11640903205476e-06	-2.11640903205476e-06
501.379	1.181	-1.47	2.39005578670363e-05	3.56309216524823e-06	-3.56309216524823e-06
503.987	2.179	-1.427	1.59104179121931e-05	2.37192237958014e-06	-2.37192237958014e-06
508.339	1.816	-2.173	1.1792199209033e-05	1.75798013618044e-06	-1.75798013618044e-06
511.866	1.586	-1.711	1.16857197835812e-05	1.74211217282032e-06	-1.74211217282032e-06
514.977	1.307	-1.525	1.32316139808399e-05	1.97258323202735e-06	-1.97258323202735e-06
517.919	1.653	-1.635	1.3012849240453e-05	1.93998158920989e-06	-1.93998158920989e-06
521.524	2.010	-1.952	1.35630855244419e-05	2.02200118246454e-06	-2.02200118246454e-06
525.446	2.203	-1.912	1.8071321443213e-05	2.69407856941816e-06	-2.69407856941816e-06
529.330	1.869	-1.68	1.31806567805954e-05	2.48111341184763e-06	-2.48111341184763e-06
533.193	1.872	-1.994	1.51514607300818e-05	2.25877200496168e-06	-2.25877200496168e-06
536.957	1.809	-1.892	1.11327078976462e-05	1.65964749816758e-06	-1.65964749816758e-06
540.912	1.940	-2.147	6.46099598866481e-06	9.63195386372229e-07	-9.63195386372229e-07
544.866	2.148	-2.014	5.10337725644943e-06	7.76405607926773e-07	-7.76405607926773e-07
548.406	1.658	-1.393	1.01559744958476e-05	1.54508266319838e-06	-1.54508266319838e-06
552.133	1.767	-2.069	1.14080585225645e-05	1.70069238374986e-06	-1.70069238374986e-06
555.816	1.417	-1.916	1.00120872156343e-05	1.5547082527558e-06	-1.5547082527558e-06
559.358	1.927	-2.126	7.40747466730087e-06	1.19905363441844e-06	-1.19905363441844e-06
563.220	2.120	-1.935	9.78192457864009e-06	1.48817305257384e-06	-1.48817305257384e-06
567.361	1.852	-2.021	1.18517174676105e-05	1.76682108853221e-06	-1.76682108853221e-06
570.469	2.242	-1.256	8.82566461339037e-06	1.60548306811292e-06	-1.60548306811292e-06
574.382	1.693	-1.671	7.84651153505359e-06	1.57200505116905e-06	-1.57200505116905e-06
577.573	1.717	-1.498	1.2455475026843e-05	1.85686120005567e-06	-1.85686120005567e-06
580.701	1.774	-1.411	1.16605155036123e-05	1.77399172094427e-06	-1.77399172094427e-06
584.167	1.496	-1.692	1.19203182018214e-05	1.81350719270896e-06	-1.81350719270896e-06
587.777	1.829	-2.114	1.11664229949876e-05	1.6464789495284e-06	-1.6464789495284e-06
591.150	1.639	-1.544	1.25203807093608e-05	1.86651987225335e-06	-1.86651987225335e-06
594.702	1.958	-1.914	7.2712927365396e-06	1.10622506790008e-06	-1.10622506790008e-06
598.823	1.757	-2.163	5.32646159868008e-06	8.10345756397131e-07	-8.10345756397131e-07
602.516	2.121	-1.937	7.68926601142856e-06	1.16981304246871e-06	-1.16981304246871e-06
606.614	1.950	-1.977	1.20883966461948e-05	1.80211899960899e-06	-1.80211899960899e-06
610.599	2.279	-2.035	8.9166640758221e-06	1.38460740659578e-06	-1.38460740659578e-06
614.931	1.840	-2.053	8.49453271562618e-06	1.2663482011536e-06	-1.2663482011536e-06
618.491	1.793	-1.72	8.19959190533203e-06	1.2474536366601e-06	-1.2474536366601e-06
622.438	2.465	-2.153	5.19881829505241e-06	8.41540504458558e-07	-8.41540504458558e-07
626.458	1.583	-1.555	9.37038273138768e-06	1.3969220666948e-06	-1.3969220666948e-06
630.229	2.595	-2.187	7.24633038183898e-06	1.08027202658389e-06	-1.08027202658389e-06
634.921	2.165	-2.097	7.17409925036958e-06	1.11402349643605e-06	-1.11402349643605e-06
639.072	1.863	-1.985	6.26774889237883e-06	9.34393695033695e-07	-9.34393695033695e-07
643.140	1.727	-2.205	5.77607806034558e-06	8.68759681808308e-07	-8.68759681808308e-07
646.823	2.216	-1.956	5.94023938041958e-06	9.22427338891302e-07	-9.22427338891302e-07
651.243	1.500	-2.204	8.75865067036103e-06	1.30573437007213e-06	-1.30573437007213e-06
655.012	2.217	-2.268	9.17494051170827e-06	1.45448724888558e-06	-1.45448724888558e-06
659.369	1.135	-2.141	7.43883663145401e-06	1.40027247696042e-06	-1.40027247696042e-06
662.245	1.991	-1.741	5.83486830491089e-06	1.05637715032142e-06	-1.05637715032142e-06
666.494	2.083	-2.258	5.31058944772753e-06	8.4187129845439e-07	-8.4187129845439e-07
670.478	2.271	-1.901	5.71368363484246e-06	8.69252633002107e-07	-8.69252633002107e-07
674.641	2.154	-1.892	6.03107554210233e-06	8.9910583950382e-07	-8.9910583950382e-07
678.452	1.776	-1.657	5.15225852840178e-06	9.40701519060444e-07	-9.40701519060444e-07
682.207	1.386	-1.978	5.57811089701288e-06	1.05001280482111e-06	-1.05001280482111e-06
685.597	1.799	-2.004	6.21195016346041e-06	1.10673358691634e-06	-1.10673358691634e-06
689.313	2.032	-1.916	8.96100591613513e-06	1.33589848425634e-06	-1.33589848425634e-06
693.324	1.291	-1.979	8.41181410517885e-06	1.53583121210812e-06	-1.53583121210812e-06
696.435	1.761	-1.821	1.27130443067736e-05	1.97413560519944e-06	-1.97413560519944e-06
700.263	2.518	-2.067	8.61944140788639e-06	1.33845828037011e-06	-1.33845828037011e-06
704.937	1.871	-2.156	6.7832830703793e-06	1.05332710614019e-06	-1.05332710614019e-06
709.153	2.251	-2.346	6.05264433027851e-06	9.398735806465e-07	-9.398735806465e-07
713.541	2.098	-2.137	7.29570709830524e-06	1.1099333282972e-06	-1.1099333282972e-06
717.874	2.662	-2.235	7.77428613045875e-06	1.20721858203069e-06	-1.20721858203069e-06
722.747	1.899	-2.211	1.19686039499827e-05	1.85852492317869e-06	-1.85852492317869e-06
726.835	2.304	-2.189	1.01762510791627e-05	1.58932853086038e-06	-1.58932853086038e-06
731.129	2.045	-1.99	7.15278992541175e-06	1.30595495985612e-06	-1.30595495985612e-06
735.182	1.647	-2.009	9.43519170527634e-06	1.40658224451574e-06	-1.40658224451574e-06
738.681	2.102	-1.851	7.9592102945459e-06	1.49822612106418e-06	-1.49822612106418e-06
742.771	1.588	-1.988	2.18801562614181e-05	3.32876194540169e-06	-3.32876194540169e-06
746.871	1.918	-2.512	9.35018966159218e-06	1.42249333182235e-06	-1.42249333182235e-06
750.631	1.740	-1.842	4.7137813297981e-06	8.87311767961571e-07	-8.87311767961571e-07
754.475	2.334	-2.105	4.86265841680178e-06	7.76573368703101e-07	-7.76573368703101e-07
758.362	1.723	-1.553	4.55705824145734e-06	8.32030263837186e-07	-8.32030263837186e-07
761.855	1.749	-1.77	5.58995864896008e-06	1.02061906244971e-06	-1.02061906244971e-06
765.451	1.588	-1.847	7.78230072750097e-06	1.42089888652434e-06	-1.42089888652434e-06
768.423	1.878	-1.383	1.02513502676207e-05	1.87169820167402e-06	-1.87169820167402e-06
772.193	1.602	-1.893	1.20423501130853e-05	2.26683217870171e-06	-2.26683217870171e-06
775.788	1.622	-1.993	1.19347805451192e-05	2.17905860496332e-06	-2.17905860496332e-06
779.411	1.424	-2.001	8.15910356295324e-06	1.58411453499028e-06	-1.58411453499028e-06
782.314	2.146	-1.48	6.51340298245981e-06	1.1338726609489e-06	-1.1338726609489e-06
786.572	2.258	-2.111	6.16221636702871e-06	9.18647885825011e-07	-9.18647885825011e-07
790.995	1.796	-2.165	6.90777051619302e-06	1.02979260805767e-06	-1.02979260805767e-06
794.862	2.137	-2.072	7.22007535666023e-06	1.09842097740649e-06	-1.09842097740649e-06
799.880	2.025	-2.88	6.15261934395445e-06	1.12334142588002e-06	-1.12334142588002e-06
803.373	1.674	-1.468	1.73988959829196e-05	2.59378597142866e-06	-2.59378597142866e-06
807.107	2.219	-2.06	1.07802499737854e-05	1.64005849410527e-06	-1.64005849410527e-06
810.779	2.010	-1.454	7.79383978546833e-06	1.44181040917577e-06	-1.44181040917577e-06
814.756	2.072	-1.967	8.15247048262347e-06	1.24027636546694e-06	-1.24027636546694e-06
818.448	1.851	-1.62	6.37935748019129e-06	1.16474184915876e-06	-1.16474184915876e-06
822.578	2.016	-2.279	1.02450138583667e-05	1.52731368155953e-06	-1.52731368155953e-06
826.720	1.498	-2.126	9.08639941308651e-06	1.6590053778809e-06	-1.6590053778809e-06
829.832	2.181	-1.614	9.0936243686311e-06	1.60213988775278e-06	-1.60213988775278e-06
833.560	1.830	-1.547	7.4969626604655e-06	1.41120973591866e-06	-1.41120973591866e-06
837.334	2.288	-1.945	4.53255879992119e-06	8.5319758933318e-07	-8.5319758933318e-07
842.277	1.773	-2.655	3.61333574993364e-06	7.01539385512694e-07	-7.01539385512694e-07
845.895	2.068	-1.844	6.98233901990227e-06	1.16376719216414e-06	-1.16376719216414e-06
849.853	1.664	-1.891	8.736193735986e-06	1.64448014869038e-06	-1.64448014869038e-06
853.043	1.874	-1.526	7.86257136373482e-06	1.45452293408072e-06	-1.45452293408072e-06
856.720	1.604	-1.803	4.94923222934338e-06	9.60905925874292e-07	-9.60905925874292e-07
860.439	2.218	-2.114	4.70219216624646e-06	7.30172156868762e-07	-7.30172156868762e-07
864.547	2.088	-1.89	4.01403101841645e-06	7.3288174972058e-07	-7.3288174972058e-07
868.865	1.815	-2.23	6.68077707957866e-06	1.03741336397698e-06	-1.03741336397698e-06
872.894	2.031	-2.214	8.09403966005073e-06	1.23138620223313e-06	-1.23138620223313e-06
876.779	1.554	-1.853	8.37146017825682e-06	1.52846317876648e-06	-1.52846317876648e-06
880.459	1.944	-2.126	9.68972592799374e-06	1.44453167418612e-06	-1.44453167418612e-06
883.975	2.824	-1.572	6.82602560917725e-06	1.12223448056754e-06	-1.12223448056754e-06
888.366	1.850	-1.566	6.85691270608025e-06	1.29072372390379e-06	-1.29072372390379e-06
891.366	2.366	-1.151	6.79463854208004e-06	1.24055998680265e-06	-1.24055998680265e-06
896.285	2.785	-2.553	5.04278249909521e-06	9.20707313313194e-07	-9.20707313313194e-07
900.779	1.792	-1.71	9.54768601879563e-06	1.78787491253359e-06	-1.78787491253359e-06
904.857	2.173	-2.286	9.01768068574658e-06	1.44012966369681e-06	-1.44012966369681e-06
908.355	2.106	-1.325	5.7877477239444e-06	1.07069697454027e-06	-1.07069697454027e-06
912.309	3.308	-1.848	3.59798217587197e-06	5.87683857581302e-07	-5.87683857581302e-07
917.687	1.964	-2.069	3.69025742889621e-06	6.94646522826538e-07	-6.94646522826538e-07
922.021	2.179	-2.37	3.57197667881761e-06	6.52173675118597e-07	-6.52173675118597e-07
926.469	1.752	-2.269	3.98823286362769e-06	7.28171300455347e-07	-7.28171300455347e-07
930.471	2.216	-2.25	3.51963720141051e-06	6.42615716040263e-07	-6.42615716040263e-07
934.735	2.689	-2.048	4.65702363741768e-06	7.10226640073166e-07	-7.10226640073166e-07
939.495	2.992	-2.071	4.25179272968469e-06	6.85421406352145e-07	-6.85421406352145e-07
944.338	2.062	-1.85	4.11411526938081e-06	7.7443476710836e-07	-7.7443476710836e-07
948.592	1.750	-2.193	4.85561939246525e-06	8.86544404723784e-07	-8.86544404723784e-07
952.459	2.173	-2.117	6.09805623726351e-06	1.14789225118247e-06	-1.14789225118247e-06
957.046	2.532	-2.414	7.51342274286667e-06	1.41431583182135e-06	-1.41431583182135e-06
962.205	2.812	-2.627	5.38898497799173e-06	9.83919728398745e-07	-9.83919728398745e-07
967.364	2.633	-2.347	4.33647419571109e-06	8.41937489260652e-07	-8.41937489260652e-07
971.732	1.605	-1.736	6.70961600272113e-06	1.22503916098326e-06	-1.22503916098326e-06
975.213	1.407	-1.876	6.81441554195836e-06	1.24417415047011e-06	-1.24417415047011e-06
979.372	2.007	-2.753	4.89208517956793e-06	9.20875709149758e-07	-9.20875709149758e-07
982.974	1.707	-1.595	7.64251831054425e-06	1.438612645983e-06	-1.438612645983e-06
986.837	2.358	-2.156	6.3649539143039e-06	1.05373735824291e-06	-1.05373735824291e-06
991.494	2.775	-2.299	2.46397509518295e-06	4.93643209162961e-07	-4.93643209162961e-07
996.291	1.625	-2.023	2.21871658087139e-06	4.3077020022436e-07	-4.3077020022436e-07
999.666	1.774	-1.75	3.04593963808405e-06	5.56128033417898e-07	-5.56128033417898e-07
1003.785	1.694	-2.345	3.54260983976743e-06	6.46810884342135e-07	-6.46810884342135e-07
1007.679	2.063	-2.2	4.02727869470329e-06	7.81906947221552e-07	-7.81906947221552e-07
1011.944	2.109	-2.202	3.80088015259206e-06	8.39213470615295e-07	-8.39213470615295e-07
1016.186	1.943	-2.133	4.90333600331615e-06	8.95251520788049e-07	-8.95251520788049e-07
1020.418	2.007	-2.289	5.91867064443815e-06	1.11412017861841e-06	-1.11412017861841e-06
1024.719	1.969	-2.294	8.36481018893788e-06	1.52724971489362e-06	-1.52724971489362e-06
1028.750	2.049	-2.062	9.30559209564057e-06	1.75166967381556e-06	-1.75166967381556e-06
1033.222	2.479	-2.422	7.55731193881353e-06	1.42257173202565e-06	-1.42257173202565e-06
1038.346	2.484	-2.646	5.65552784136267e-06	1.13305326193758e-06	-1.13305326193758e-06
1042.581	2.350	-1.751	5.78845647309169e-06	1.05685556845044e-06	-1.05685556845044e-06
1047.025	2.324	-2.094	4.01956989704422e-06	7.80409232156219e-07	-7.80409232156219e-07
1051.054	1.965	-1.705	5.17837463184258e-06	9.01468747097823e-07	-9.01468747097823e-07
1054.564	1.849	-1.545	4.77445225512514e-06	8.71718823721507e-07	-8.71718823721507e-07
1058.658	2.426	-2.244	4.1383655188795e-06	7.55582299343095e-07	-7.55582299343095e-07
1063.223	1.496	-2.139	7.52754695119692e-06	1.46149407106264e-06	-1.46149407106264e-06
1067.430	2.582	-2.711	7.59717195194064e-06	1.43007655012143e-06	-1.43007655012143e-06
1071.902	1.662	-1.891	1.11856360382132e-05	1.97742543152968e-06	-1.97742543152968e-06
NO NO NO NO NO NO
! xrtwtgamma
82.734	0.561	-0.59	1.38147628815213	0.197503406308689	-0.168614063360808
83.914	0.664	-0.619	1.45678760166576	0.122976297856438	-0.104983621337666
85.105	0.560	-0.527	1.53173464152072	0.11613601716525	-0.0988485560419716
86.213	0.680	-0.548	1.57633703821219	0.134022705021586	-0.114015245539596
87.491	0.561	-0.599	1.56634547417878	0.112817105489357	-0.096261696075636
88.692	0.666	-0.64	1.55727585761997	0.129612729642223	-0.110689549487222
89.918	0.519	-0.559	1.54856592857044	0.110260360517805	-0.0943053282065674
91.085	0.634	-0.648	1.52753516748765	0.131348131168537	-0.112382280679185
92.269	0.555	-0.55	1.47002589688938	0.108786633146083	-0.0927855336965276
93.429	0.590	-0.604	1.42353043257028	0.136959815103905	-0.11661462220597
94.376	0.485	-0.358	1.42511225148019	0.123074257901601	-0.102893760313859
95.360	0.459	-0.498	1.41746196388827	0.153254195253162	-0.12749986470877
96.392	0.553	-0.573	1.38482255641168	0.111638633716569	-0.0947860079472208
97.513	0.462	-0.568	1.37187053888302	0.121962227056749	-0.104556880032049
98.415	0.465	-0.44	1.39720997646756	0.103729523703839	-0.0888670882153868
99.457	0.539	-0.577	1.42134336780953	0.140090653630035	-0.119972490814434
100.526	0.486	-0.53	1.39410396987963	0.104060520192504	-0.0889422415594554
101.543	0.471	-0.531	1.36845714129214	0.140568605940744	-0.119930669365357
102.463	0.395	-0.45	1.41235833283346	0.1075434883491	-0.0917463497534778
103.329	0.444	-0.471	1.46336419638374	0.126154286296679	-0.107606320070767
104.306	0.471	-0.533	1.46792877602506	0.112548925520324	-0.096054919545932
105.172	0.453	-0.396	1.44503423585126	0.116586992240605	-0.099745806453988
106.054	0.466	-0.429	1.40972498818377	0.119215496889851	-0.102057443525794
106.869	0.402	-0.349	1.36340215742535	0.104990038537895	-0.0901586439863874
107.647	0.383	-0.376	1.32973419288583	0.130367750848339	-0.11206581195756
108.363	0.424	-0.333	1.34444143016435	0.0999324170332453	-0.0858641945356934
109.213	0.383	-0.426	1.36177549793202	0.13610676068511	-0.116884409552733
109.974	0.435	-0.378	1.35006614099661	0.105086316215379	-0.0902191914222869
110.907	0.436	-0.498	1.33214762749731	0.119706694600344	-0.102675857628203
111.748	0.379	-0.405	1.35592374077884	0.113865154385073	-0.097608683305593
112.545	0.358	-0.417	1.4066944051063	0.109708383695926	-0.0937211674055091
113.417	0.506	-0.514	1.47176098627469	0.137222497130009	-0.117105144082885
114.449	0.486	-0.527	1.59156050109307	0.10880685651669	-0.0928669801514059
115.381	0.513	-0.446	1.68582515259557	0.146661888538749	-0.125183339221563
116.300	0.409	-0.406	1.62317890399396	0.108619168759042	-0.0925531390535441
117.216	0.438	-0.507	1.56221050893738	0.153036453514195	-0.130222184983721
118.096	0.456	-0.442	1.56057929623642	0.107595276777384	-0.0917484656471762
119.003	0.413	-0.451	1.55891070616209	0.147003072178228	-0.125656481853112
119.910	0.571	-0.493	1.68541109306456	0.109314376227575	-0.0934433897225299
121.041	0.578	-0.56	1.8480139452781	0.138389322726534	-0.118304474475915
122.151	0.518	-0.532	1.85149411353085	0.111723724198946	-0.0956228579273399
123.172	0.508	-0.503	1.81454859766683	0.120148012521833	-0.103208707372464
124.203	0.614	-0.523	1.79683566594961	0.120996849735188	-0.103964087619129
125.403	0.684	-0.586	1.79869865918143	0.110886115051473	-0.0951213864427057
126.568	0.588	-0.481	1.83571709657632	0.134445957897073	-0.115303329183091
127.754	0.541	-0.598	1.97415067745169	0.101791460433218	-0.0879232138975821
128.900	0.617	-0.605	2.10669984746705	0.124287822246082	-0.10819334130585
130.143	0.756	-0.626	2.09159127655595	0.110830920919824	-0.0960548307538828
131.679	0.791	-0.78	2.00053801456039	0.127298250331924	-0.107987733366073
133.230	0.782	-0.76	1.98333891149333	0.13476517980685	-0.113946891412231
134.679	0.638	-0.666	2.06833293050851	0.140586590997194	-0.118128925427249
136.007	0.649	-0.691	2.11420140380459	0.145888117120911	-0.122586179861127
137.417	0.575	-0.761	2.13011623709782	0.121677006309202	-0.103057566270068
138.802	0.751	-0.81	2.14546174756009	0.163702532879199	-0.139226594888832
140.488	0.808	-0.935	2.15138081800945	0.119505440397058	-0.101225370059948
142.036	0.694	-0.74	2.15675318912151	0.157613182199302	-0.132918549428775
143.593	0.988	-0.862	2.16640529787641	0.136779647239794	-0.115345548079757
145.408	0.873	-0.827	2.17902616224273	0.127369274718962	-0.107449627083136
147.061	0.765	-0.779	2.19038421138918	0.170879207894805	-0.144174604294834
148.601	0.873	-0.775	2.29228622614493	0.137920439067837	-0.116479007346918
150.474	1.031	-1.001	2.41983572372649	0.119962882532281	-0.101872267152532
152.526	0.973	-1.021	2.55776510115641	0.144640497611969	-0.123431788690078
154.766	1.088	-1.266	2.63517749713067	0.131189684327104	-0.112095532541789
156.714	1.344	-0.861	2.65942404395877	0.113742591442561	-0.0978208785103169
158.340	0.251	-0.282	2.6794330191678	0.137987681144132	-0.119113745824747
158.898	0.307	-0.307	2.68625224212841	0.152020218820332	-0.131253729057161
159.460	0.256	-0.255	2.61589896865293	0.120892486589381	-0.104320417116171
159.958	0.265	-0.242	2.54308376592701	0.110098433076858	-0.0947983336083166
160.513	0.297	-0.29	2.46220091770647	0.132075546538922	-0.113503979218077
161.092	0.289	-0.282	2.43981041498446	0.137195096968431	-0.117892094864001
161.626	0.262	-0.245	2.49191314951206	0.111649602391516	-0.0960725683952648
162.175	0.297	-0.286	2.5453002860912	0.117142461668366	-0.101037197825762
162.740	0.235	-0.268	2.60005495753202	0.152252886369955	-0.131417669854474
163.222	0.271	-0.247	2.56678686855599	0.123154078933322	-0.106268183389277
163.802	0.244	-0.309	2.5235923678688	0.109621254214047	-0.0944350394897782
164.290	0.313	-0.244	2.48736772297681	0.124839645615585	-0.107407288168758
164.889	0.310	-0.286	2.44611520633105	0.146820877776482	-0.126280631315087
165.550	0.305	-0.351	2.41294385217696	0.114512472171952	-0.0984119935776877
166.186	0.318	-0.331	2.38115187737541	0.117292689845513	-0.100626547420971
166.853	0.356	-0.348	2.34794073746086	0.153502540398641	-0.131605952818276
167.522	0.341	-0.312	2.41551422698387	0.126718633456064	-0.108721338284201
168.260	0.455	-0.397	2.50208737587792	0.109212354141247	-0.0940845956173515
169.079	0.345	-0.365	2.59771905175354	0.127025825209348	-0.109905869968737
169.761	0.374	-0.336	2.63034327727211	0.139518524399786	-0.120760987968559
170.479	0.299	-0.345	2.55361520545095	0.113072019439557	-0.0976166773001652
171.197	0.347	-0.418	2.47720960824371	0.114266215755412	-0.098096774729982
171.992	0.426	-0.449	2.39298303892936	0.146157530960289	-0.125120032544971
172.713	0.310	-0.294	2.36377129344623	0.131817483800173	-0.112852637406644
173.381	0.379	-0.357	2.35952461911097	0.112172368875873	-0.096153127847407
174.120	0.382	-0.359	2.35484559739909	0.128814561042661	-0.110582706022992
174.876	0.344	-0.374	2.4001698211875	0.14448181663289	-0.124068101878456
175.647	0.494	-0.426	2.53900662425268	0.117143384686394	-0.100780558266297
176.562	0.319	-0.422	2.70298541075248	0.10830033817167	-0.0937378511979194
177.216	0.327	-0.335	2.81966999066132	0.120693700401353	-0.104819989298629
177.961	0.510	-0.419	2.94813023254961	0.147355998957102	-0.128099976003951
178.980	0.474	-0.508	2.86166353443018	0.116189618003304	-0.100978701626808
179.924	0.485	-0.471	2.78199906933994	0.104792444743444	-0.0909869571902272
180.823	0.392	-0.414	2.70651977872999	0.114291684338878	-0.0991410238679672
181.652	0.453	-0.437	2.63724946151809	0.137104872152975	-0.118891832148929
182.576	0.510	-0.472	2.64010803573924	0.126572774513421	-0.10976466568695
183.606	0.450	-0.519	2.69157157151057	0.105529707753376	-0.0915792452508952
184.403	0.393	-0.347	2.73119561609524	0.109834022846319	-0.0953900507015255
185.275	0.400	-0.479	2.7743526836614	0.133090387962737	-0.115633415603681
186.028	0.344	-0.353	2.78106182537118	0.135066114677478	-0.117344981619462
186.865	0.427	-0.493	2.75049220474246	0.112709011381437	-0.097815889524509
187.766	0.577	-0.474	2.71773777751853	0.107470625086341	-0.0930147695293693
188.860	0.459	-0.516	2.67817777248111	0.12943164795577	-0.111763924552539
189.894	0.550	-0.576	2.66221994706199	0.14247054578418	-0.122995048423037
191.000	0.512	-0.555	2.69005898961606	0.11483290603014	-0.0992259339454766
192.133	0.559	-0.621	2.71841098923938	0.107519087253237	-0.0931338864915241
193.173	0.629	-0.481	2.74428898878422	0.122568815753799	-0.106351305459381
194.397	0.620	-0.595	2.76393208012258	0.140444392307754	-0.121898435312482
195.571	0.647	-0.554	2.74990147405997	0.115504969925569	-0.100067472436781
196.841	0.626	-0.623	2.73481808439063	0.110784000636158	-0.0954717464454122
198.136	0.620	-0.669	2.71953765666509	0.131576539440903	-0.112955450874038
199.541	0.735	-0.784	2.70794169968776	0.151988444719167	-0.130400547303996
200.991	0.651	-0.715	2.71205432515497	0.119147681943769	-0.102462042511355
202.241	0.650	-0.599	2.71557594842176	0.107401681633799	-0.0929140637078317
203.744	0.722	-0.852	2.71978164035076	0.119821941049953	-0.104328390189216
205.230	0.889	-0.764	2.72047770639286	0.12975389987617	-0.113089679730606
206.445	0.284	-0.326	2.71251318413074	0.103988524691616	-0.0904293990567847
207.028	0.301	-0.299	2.70870815160775	0.107160962540493	-0.0930226713155345
207.620	0.253	-0.292	2.70485532812161	0.120410275713286	-0.104402725032088
208.208	0.328	-0.335	2.70103939660548	0.140722188236042	-0.121966021578449
208.813	0.325	-0.276	2.68636530577136	0.127746659282969	-0.110461138744413
209.428	0.292	-0.29	2.66484092714886	0.118950950950063	-0.101173218668177
209.957	0.293	-0.237	2.64637696897931	0.141733992933168	-0.119033294450008
210.535	0.326	-0.285	2.62625584798138	0.186448737827052	-0.156087528776547
211.166	0.324	-0.306	2.64195926574164	0.141736992231286	-0.118711109409187
211.725	0.269	-0.235	2.65709032832171	0.134950591933305	-0.113186383831061
212.230	0.277	-0.237	2.67072540646131	0.163022848607636	-0.136834120983825
212.860	0.306	-0.352	2.6277276516086	0.152378857421598	-0.12786392595831
213.512	0.303	-0.346	2.53953572569565	0.134503357287497	-0.112519046569442
214.123	0.239	-0.307	2.45713371067105	0.174813222246024	-0.145985783713811
214.692	0.326	-0.33	2.42489029692591	0.148043820681737	-0.123591276025795
215.263	0.283	-0.245	2.40696537489361	0.137920107712629	-0.11496897415413
215.856	0.275	-0.31	2.38840008566261	0.185763105443192	-0.154742429650424
216.410	0.236	-0.279	2.4353788014859	0.147593233948004	-0.123009653608019
216.948	0.213	-0.303	2.48639744573359	0.135369464298018	-0.113054936760192
217.445	0.259	-0.283	2.53341575336136	0.16139164548567	-0.134969935290045
217.944	0.264	-0.239	2.55135860294866	0.172860664703693	-0.144597402062787
218.643	0.375	-0.435	2.51596802060813	0.133103902414389	-0.11171072912704
219.244	0.277	-0.227	2.48562955204412	0.130797394635385	-0.110472704004635
219.759	0.290	-0.238	2.45969845430836	0.154183099582767	-0.130595214651865
220.310	0.271	-0.261	2.48379799532382	0.153127782567519	-0.129715754793751
220.835	0.304	-0.253	2.5537071011019	0.129242496844731	-0.10930960342305
221.401	0.255	-0.263	2.6288898455333	0.13034818673643	-0.109893044868633
221.944	0.288	-0.288	2.70083703471281	0.156788000009374	-0.131959365577156
222.509	0.332	-0.276	2.74476436885551	0.169887392049288	-0.142951342679201
223.115	0.281	-0.274	2.7292640984172	0.137777452673551	-0.115893696472718
223.714	0.367	-0.318	2.71398419226132	0.132085081734122	-0.111015773753874
224.420	0.323	-0.339	2.69602726094769	0.161400441749514	-0.135574733765283
225.114	0.323	-0.371	2.66984373710096	0.162140732780595	-0.136184724814925
225.727	0.305	-0.291	2.63920899204572	0.13514950784603	-0.113468173857386
226.411	0.383	-0.378	2.60512406593809	0.136706512658873	-0.114679903028183
227.130	0.328	-0.336	2.56940586027145	0.172340487774536	-0.144517594102469
227.805	0.327	-0.347	2.58569698974932	0.154618457918537	-0.129667293030636
228.479	0.297	-0.347	2.62220079946778	0.131779413174844	-0.110585618521181
229.153	0.338	-0.377	2.65859708347394	0.1436603022142	-0.120654690343555
229.728	0.286	-0.237	2.68956280583441	0.176415225927726	-0.148197422057169
230.283	0.257	-0.268	2.6724151119233	0.154982657826284	-0.130138168783504
230.794	0.307	-0.255	2.64397765943372	0.135041756759282	-0.113136853163152
231.439	0.345	-0.338	2.60817278804276	0.144944477220163	-0.120952767942618
232.089	0.288	-0.304	2.57219116601461	0.187311699672213	-0.156110831305618
232.694	0.354	-0.317	2.58737935028492	0.157025583957015	-0.130944418451136
233.373	0.299	-0.326	2.61150286429638	0.133489311190944	-0.111710050531469
234.025	0.274	-0.352	2.63460115647118	0.144343995971278	-0.121293367672007
234.650	0.307	-0.352	2.65668259331073	0.180179740013885	-0.151580090221324
235.270	0.281	-0.313	2.66767128633304	0.151233142679462	-0.127218102904551
235.988	0.323	-0.437	2.67940169656655	0.130861888260767	-0.110029997361925
236.623	0.310	-0.312	2.68974638266751	0.137993618214654	-0.115962785813977
237.370	0.419	-0.436	2.70188016470471	0.172145936123524	-0.144625554823761
238.173	0.427	-0.384	2.72404671384608	0.157376994863701	-0.132247129098019
239.016	0.428	-0.415	2.75074930280869	0.132024167901072	-0.111131904392184
239.735	0.391	-0.292	2.77344979590181	0.130642289616999	-0.110244238436249
240.597	0.547	-0.47	2.80057555994192	0.153991843910878	-0.130181837961552
241.487	0.367	-0.343	2.82873629601156	0.163291631572705	-0.138074777065494
242.307	0.376	-0.453	2.85497443496249	0.135020122329622	-0.114178327252046
242.989	0.245	-0.305	2.87672933971464	0.126561168093711	-0.107042069962659
243.690	0.427	-0.457	2.8990267768739	0.135080537033315	-0.114266140798744
244.482	0.356	-0.364	2.92414170467004	0.161891633299579	-0.136956738350303
245.280	0.362	-0.442	2.90879610927883	0.160568350964745	-0.135829079588513
246.046	0.374	-0.404	2.85858825351208	0.135581291661926	-0.114613592888105
246.900	0.406	-0.48	2.80279633986623	0.128245013997849	-0.108224586055123
247.719	0.473	-0.413	2.74947196127704	0.14416276605282	-0.121490913685487
248.648	0.501	-0.456	2.6891985710573	0.181558301081594	-0.152944405095318
249.478	0.258	-0.329	2.59843186661592	0.143648567184879	-0.120759511313852
250.231	0.453	-0.495	2.51589509804263	0.133922676185556	-0.111828786454431
251.069	0.387	-0.385	2.42433293439599	0.157349601289597	-0.130576251800639
251.985	0.402	-0.529	2.35344473629542	0.182887263625948	-0.151602837429094
252.845	0.521	-0.458	2.37746403561926	0.143996969344891	-0.119455883668727
253.784	0.304	-0.418	2.40359663810006	0.144167572740014	-0.119830128895981
254.673	0.617	-0.585	2.42824877615091	0.184634320505945	-0.15357547355062
255.676	0.408	-0.385	2.42184440517562	0.154023032123808	-0.128100152794019
256.864	0.553	-0.78	2.40769699913956	0.138403272262398	-0.11503163587598
257.878	0.472	-0.462	2.39567335053308	0.167824512872088	-0.13942816852458
258.961	0.574	-0.611	2.40935445751394	0.167291980091563	-0.139013086566316
260.160	0.505	-0.624	2.45287400719849	0.134966075401281	-0.112528561192361
261.184	0.527	-0.519	2.48988316231335	0.148399228169752	-0.124201844261192
262.106	0.486	-0.395	2.52295330612096	0.186178898199615	-0.15595443372122
263.144	0.588	-0.552	2.54115422641013	0.147147360750486	-0.123250907309006
264.395	0.504	-0.663	2.5629948503916	0.133428636916445	-0.111723148927276
265.480	0.544	-0.581	2.58185383931666	0.157491027177267	-0.131842256992551
266.600	0.591	-0.576	2.54922275586879	0.170251974483948	-0.142483084059601
267.680	0.541	-0.489	2.41089849073663	0.138570117901626	-0.115252485330909
268.726	0.544	-0.505	2.27745986828213	0.153066951102422	-0.126114778057836
269.791	0.499	-0.52	2.14607695785122	0.200644770472942	-0.164913447310566
270.792	0.535	-0.502	2.18367531032735	0.150865922463927	-0.124186997372496
271.859	0.751	-0.531	2.22359994921183	0.145037190515143	-0.120016592477693
273.101	0.537	-0.491	2.27422496485261	0.188642679822903	-0.156421694223302
274.293	0.554	-0.654	2.36118239420442	0.144546911614317	-0.120042465514823
275.469	0.491	-0.622	2.44660307923207	0.138868437982972	-0.115838400439598
276.517	0.594	-0.557	2.5224195431607	0.168825040283759	-0.141128772719355
277.761	0.680	-0.65	2.55219124574943	0.161057548809622	-0.134650155831044
279.256	0.602	-0.815	2.54453084848048	0.134155625790762	-0.112110772663001
280.433	0.596	-0.575	2.53852868474154	0.148022291612873	-0.123647358065484
281.674	0.617	-0.645	2.53222737249372	0.188681415353426	-0.157592506189684
282.994	0.486	-0.704	2.52002210388231	0.1480438214412	-0.123617233907415
284.296	0.647	-0.816	2.50789929261185	0.135613413139371	-0.11312108210514
285.681	0.735	-0.738	2.49506446552024	0.162540615074914	-0.135470445026547
287.097	0.676	-0.681	2.48491560417489	0.168935333019066	-0.140786669760579
288.244	0.566	-0.47	2.4799669829081	0.139788555769335	-0.116485324223306
289.604	0.615	-0.795	2.47412484716621	0.143511687686353	-0.119563058685135
291.000	0.672	-0.78	2.46815653157695	0.186361232138195	-0.155250440418065
292.242	0.503	-0.57	2.39322474866969	0.155079296265926	-0.12903550000813
293.545	0.984	-0.801	2.30531788881385	0.139526009096852	-0.115409864451304
295.432	0.871	-0.903	2.17870077352473	0.182222124993305	-0.149796126248525
297.188	0.739	-0.885	2.18204400300781	0.159456892663755	-0.131095075676909
298.775	0.684	-0.848	2.22850900898908	0.144134344891071	-0.118662453236803
300.513	1.112	-1.055	2.27911276462382	0.185672522229719	-0.153000136889077
302.277	0.902	-0.651	2.19402206976767	0.151852667006618	-0.124957000153155
303.891	0.541	-0.711	2.07801683878294	0.155893914520711	-0.127632243918109
305.072	0.502	-0.64	1.99352289948517	0.201116480645689	-0.164471825549096
306.405	0.768	-0.832	2.01882653905039	0.152430188826052	-0.124772126655892
307.774	0.846	-0.6	2.05173670575866	0.151821346111064	-0.1246615570046
309.666	0.874	-1.046	2.10920670776883	0.177510284380558	-0.145836361431314
311.586	1.231	-1.046	2.19004632300678	0.149074015100704	-0.121625939726776
313.824	0.722	-1.008	2.28364862747204	0.204172790323007	-0.165545319500828
315.623	1.163	-1.077	2.17765018430069	0.168098482527593	-0.136318671891937
317.757	1.021	-0.972	1.99100381122005	0.164372873076594	-0.133481635976572
319.594	1.010	-0.816	1.89652687693212	0.187250613364838	-0.152123110539151
321.507	0.881	-0.903	1.97435709396482	0.145845499829373	-0.119195218229817
323.189	0.711	-0.801	2.04240745568144	0.1877348136057	-0.154105266295714
324.767	0.774	-0.867	2.04854319231161	0.157464279393519	-0.129240890648637
326.626	0.922	-1.085	2.03804449643477	0.151028737496881	-0.123819772938875
328.389	0.824	-0.841	2.02319173521696	0.195795684117073	-0.160466423398649
330.614	1.122	-1.401	1.95300127001062	0.146208163158777	-0.119355093971548
332.830	1.024	-1.095	1.88356267143328	0.18504209766219	-0.150286703286015
335.012	0.812	-1.158	1.903714164186	0.158657935953948	-0.128958879255032
336.903	1.138	-1.079	1.95612347753373	0.156742382804058	-0.127921406519834
338.915	0.845	-0.874	1.97978989446473	0.183015776339576	-0.14946258825298
340.728	1.049	-0.969	1.9192755015416	0.152193129268343	-0.123112528352038
342.492	0.646	-0.715	1.86070490199651	0.207493119248685	-0.166755639888909
344.107	1.194	-0.969	1.86552787987572	0.16868739938698	-0.135669879307673
346.203	1.060	-0.901	1.88788552612413	0.171337636642464	-0.138404920967479
348.470	0.957	-1.208	1.91991190994306	0.172928314317378	-0.139890073800212
350.356	1.180	-0.928	1.95293340968814	0.149956323767844	-0.122162024062746
352.484	1.103	-0.948	1.9861631066673	0.201439111193355	-0.164734924558426
354.817	1.558	-1.23	1.93008034600134	0.148893967505104	-0.121409152420644
357.548	1.036	-1.174	1.86489670789613	0.183495852559155	-0.14876493755119
359.966	0.959	-1.381	1.88786306439803	0.163629150336631	-0.132729584543304
362.097	1.398	-1.173	1.94797175796862	0.154196364107185	-0.125589965711251
364.546	1.047	-1.051	1.99374254438439	0.192003061532796	-0.156595632811732
367.034	1.370	-1.441	1.9468707279569	0.148472886068068	-0.120756905040141
369.714	1.417	-1.31	1.89673592620496	0.192538100592799	-0.156093335997601
372.213	1.578	-1.082	1.96114513943716	0.162238347470483	-0.131711079156916
374.782	1.206	-0.991	2.06461647384175	0.155795752715892	-0.127403630937215
377.265	1.587	-1.278	2.13771803837202	0.193991897196205	-0.158952047703892
380.012	1.119	-1.16	2.06833474070049	0.145774809542414	-0.11932586274599
382.433	1.344	-1.302	2.00760004387502	0.17052642432184	-0.139408723772486
385.416	1.544	-1.639	1.82046109305317	0.162031403283966	-0.132267433384283
388.406	1.078	-1.446	1.54405260501998	0.157721495664857	-0.127476485762304
390.831	1.155	-1.347	1.39162483416196	0.189987313621594	-0.153172342913741
393.413	1.809	-1.427	1.55114466729281	0.171825751851454	-0.134768449295312
396.388	1.065	-1.166	1.74775650454668	0.226549877636999	-0.176036694973067
399.269	1.513	-1.816	1.97698691371139	0.159113664724472	-0.127506362549722
401.846	1.473	-1.064	2.18063203691683	0.198128542934502	-0.162945774639131
404.797	1.116	-1.478	2.14891014040372	0.146931941600401	-0.120711966792237
407.199	0.997	-1.286	2.11372846049802	0.157125171718988	-0.128805288796817
409.721	1.538	-1.526	2.07010125839989	0.192061383371248	-0.15735803109407
412.738	1.153	-1.479	1.97715782699906	0.146714256706737	-0.119654925116917
415.059	1.342	-1.168	1.9061169798273	0.181792537721691	-0.147699497864458
418.026	1.508	-1.625	1.73548099932222	0.160202217869258	-0.129903717539929
421.158	1.117	-1.624	1.51374335884898	0.17005626341837	-0.136722211342714
423.625	1.369	-1.35	1.50283405871482	0.182834254620902	-0.146939512181947
426.249	1.474	-1.255	1.76147760265844	0.147644136630694	-0.119853399081015
429.185	1.547	-1.462	2.04899373897008	0.202082880448432	-0.165328475558455
432.160	1.616	-1.428	1.98315857287929	0.149755532747385	-0.122118098107258
434.990	1.079	-1.214	1.90605787761924	0.176776097687832	-0.143280170934003
437.531	1.306	-1.462	1.84869339125732	0.176546649512066	-0.142752368797876
440.187	1.764	-1.349	1.80263951389029	0.173160031578658	-0.13737579556559
443.551	1.175	-1.601	1.74074248486166	0.19333745431357	-0.152762544110827
446.565	1.874	-1.839	1.68028314263006	0.17425824400194	-0.138734811914113
449.795	1.542	-1.356	1.6280380163049	0.182703002160629	-0.14566144031308
452.917	1.982	-1.58	1.59234167709049	0.170712314070431	-0.135909772537078
456.427	1.910	-1.527	1.7015189376085	0.185767039545904	-0.147670347517365
459.839	1.319	-1.503	2.01308635536174	0.194516445080361	-0.152884976110601
463.349	1.961	-2.191	2.11820550364179	0.20807953367396	-0.163412944673981
467.294	2.114	-1.983	1.94118909237795	0.185465269904253	-0.147189950760768
471.032	1.459	-1.624	1.89130333302875	0.186233852539476	-0.148323245965488
474.162	1.766	-1.671	1.95527793158316	0.154452000091335	-0.1252974465539
478.033	1.981	-2.104	1.96288278978917	0.1790964776163	-0.146527145004497
480.901	1.048	-0.888	1.7934870556462	0.156586572046575	-0.125559558189934
483.305	1.535	-1.356	1.65227353578639	0.21030333247146	-0.166877829622393
486.947	2.413	-2.107	1.76042703911317	0.166967091373991	-0.132971858203255
491.426	1.487	-2.066	1.96962772410385	0.197147882926119	-0.159016516681597
494.601	1.619	-1.687	1.85490300829444	0.168119527110207	-0.135545451637887
498.236	1.673	-2.017	1.59518637964036	0.171825020402347	-0.137981495680787
501.379	1.181	-1.47	1.49483766469022	0.176689147439749	-0.141685195124131
503.987	2.179	-1.427	1.55064746277748	0.163695433998127	-0.130109104328693
508.339	1.816	-2.173	1.66001489366849	0.181406410489235	-0.143769259130999
511.866	1.586	-1.711	1.76740011958919	0.183713280605181	-0.146319106027773
514.977	1.307	-1.525	1.78246288887143	0.183798193406567	-0.146486981451228
517.919	1.653	-1.635	1.71167963456814	0.171921372842847	-0.137207185772243
521.524	2.010	-1.952	1.58522847215341	0.181020353889836	-0.143671090248818
525.446	2.203	-1.912	1.40113937080628	0.221146612223177	-0.169111647962403
529.330	1.869	-1.68	1.42176772469011	0.191737853066445	-0.147416845635094
533.193	1.872	-1.994	1.53839822486183	0.190330743012134	-0.151491507232401
536.957	1.809	-1.892	1.71793031643233	0.173118895715231	-0.138524376030107
540.912	1.940	-2.147	1.94495321735848	0.154607572166977	-0.126391777635867
544.866	2.148	-2.014	2.05136429410471	0.177257568542742	-0.145399015288455
548.406	1.658	-1.393	1.85591326982452	0.17629258609648	-0.137735173624468
552.133	1.767	-2.069	1.68565420866773	0.251197483121092	-0.1931249481023
555.816	1.417	-1.916	1.8131234801089	0.189018075765948	-0.147067850790037
559.358	1.927	-2.126	1.85217881505953	0.215459316997692	-0.16844869432657
563.220	2.120	-1.935	1.72922405813028	0.17053159115689	-0.135715277598862
567.361	1.852	-2.021	1.65991947186151	0.185466042653424	-0.148401246650934
570.469	2.242	-1.256	1.67869025591709	0.159040678538947	-0.126950844294864
574.382	1.693	-1.671	1.70217794420703	0.218663407833411	-0.174197078664438
577.573	1.717	-1.498	1.73375763466887	0.164962903617355	-0.131591597093332
580.701	1.774	-1.411	1.76602187497868	0.182222338046369	-0.145860623855859
584.167	1.496	-1.692	1.75346679421367	0.177115316167574	-0.141850060338536
587.777	1.829	-2.114	1.69445288772242	0.172165772843051	-0.138087453335643
591.150	1.639	-1.544	1.7336799552861	0.18579423731169	-0.149145627472123
594.702	1.958	-1.914	1.90616590885544	0.151638321407803	-0.123031694406915
598.823	1.757	-2.163	2.06121628222803	0.197619582950745	-0.161343548098995
602.516	2.121	-1.937	1.85184169376569	0.178799606360241	-0.138648268969004
606.614	1.950	-1.977	1.64159325668758	0.27584943956106	-0.208492461627882
610.599	2.279	-2.035	1.73801802591212	0.174446940449832	-0.136330372048927
614.931	1.840	-2.053	1.83507989417825	0.19205538271514	-0.154687890271579
618.491	1.793	-1.72	1.89831628553529	0.154881691081563	-0.124859480401545
622.438	2.465	-2.153	1.96800287690131	0.209336430665321	-0.168891280941084
626.458	1.583	-1.555	1.89497600653742	0.159811386366246	-0.128732911633255
630.229	2.595	-2.187	1.80976226670783	0.181239774372198	-0.145470928702575
634.921	2.165	-2.097	1.85806505989222	0.169809441947376	-0.136041144743855
639.072	1.863	-1.985	1.99582876596996	0.189577493969692	-0.150946392641186
643.140	1.727	-2.205	2.03102105836223	0.187842728032952	-0.14943328704241
646.823	2.216	-1.956	1.96783636826774	0.182319073841989	-0.144736451428934
651.243	1.500	-2.204	1.84339887175057	0.187127971499805	-0.147037265229993
655.012	2.217	-2.268	1.69292408891783	0.239735452232391	-0.181371034589999
659.369	1.135	-2.141	1.76715595508405	0.202382835998776	-0.154353442819711
662.245	1.991	-1.741	1.88247472172431	0.180129075437135	-0.142130349177127
666.494	2.083	-2.258	1.99663448334735	0.197305899479786	-0.157972183080507
670.478	2.271	-1.901	1.99542519855137	0.166885856453458	-0.133092135676502
674.641	2.154	-1.892	1.9913369486997	0.228759910992059	-0.182058930652004
678.452	1.776	-1.657	1.94864414867322	0.176773805970542	-0.138762748957241
682.207	1.386	-1.978	1.90681260083469	0.234433863015345	-0.181196497128264
685.597	1.799	-2.004	1.85851116858007	0.202203793224972	-0.156088511692396
689.313	2.032	-1.916	1.79955704491626	0.22884901979363	-0.176060214338786
693.324	1.291	-1.979	1.71711263478784	0.187159828614422	-0.145007072713044
696.435	1.761	-1.821	1.64727573009583	0.193894460703398	-0.153519235845724
700.263	2.518	-2.067	1.72150099018742	0.180512950577464	-0.141928389477924
704.937	1.871	-2.156	1.91711826926368	0.258111847969481	-0.197287676310867
709.153	2.251	-2.346	1.90837874148437	0.187338115527375	-0.14507550773975
713.541	2.098	-2.137	1.86247819890419	0.205647571236953	-0.165696466805102
717.874	2.662	-2.235	1.74246812297668	0.180512786732569	-0.139538676069579
722.747	1.899	-2.211	1.6054146786809	0.285479988093255	-0.213159674461719
726.835	2.304	-2.189	1.61131050221375	0.217435370674904	-0.164630977546344
731.129	2.045	-1.99	1.69058563577524	0.204648974558355	-0.155740459782428
735.182	1.647	-2.009	1.81251172650089	0.254451421890958	-0.195298037702272
738.681	2.102	-1.851	1.62545827625492	0.193127621835895	-0.148091941327344
742.771	1.588	-1.988	1.34949784387395	0.262276861200227	-0.200705867988339
746.871	1.918	-2.512	1.69698185078395	0.185598998974226	-0.143817919893246
750.631	1.740	-1.842	1.96102160285291	0.236196444646071	-0.184313096443413
754.475	2.334	-2.105	1.99780231102059	0.179490242787599	-0.140668173040558
758.362	1.723	-1.553	2.03480439710626	0.243872194953232	-0.19182137013633
761.855	1.749	-1.77	1.89092971932355	0.186315115212327	-0.144989887397893
765.451	1.588	-1.847	1.73110511784054	0.235245192184876	-0.179563404808546
768.423	1.878	-1.383	1.61003136703766	0.224100377241429	-0.170855670871598
772.193	1.602	-1.893	1.46767359222441	0.208835027898074	-0.158771791423929
775.788	1.622	-1.993	1.46373859178387	0.234980237698608	-0.178764910130489
779.411	1.424	-2.001	1.67499388125184	0.170180394851727	-0.13311101849922
782.314	2.146	-1.48	1.84355888474997	0.178635776572403	-0.144598503696669
786.572	2.258	-2.111	1.94115391473419	0.167317153918568	-0.13538449750127
790.995	1.796	-2.165	1.93305393324334	0.192127013961094	-0.151443325872149
794.862	2.137	-2.072	1.86873200237695	0.212034748509813	-0.166732806516842
799.880	2.025	-2.88	1.66371380807133	0.173352788224608	-0.137734009726176
803.373	1.674	-1.468	1.56331687558106	0.204940432578955	-0.163128544689016
807.107	2.219	-2.06	1.64851194501574	0.191357530414617	-0.147355933098112
810.779	2.010	-1.454	1.73327707282351	0.240960509849845	-0.184054227025313
814.756	2.072	-1.967	1.82870575991537	0.1925944916626	-0.150143894919179
818.448	1.851	-1.62	1.8314166742712	0.209966945825502	-0.164209656086642
822.578	2.016	-2.279	1.6813310802969	0.217144565225678	-0.165289044918128
826.720	1.498	-2.126	1.63322800625219	0.209507053794197	-0.159090708080145
829.832	2.181	-1.614	1.66592708227418	0.227369889158691	-0.173043721205039
833.560	1.830	-1.547	1.76140960364627	0.221048804592749	-0.168665002541319
837.334	2.288	-1.945	1.89285001328734	0.187411576940979	-0.145877830454997
842.277	1.773	-2.655	1.97429343654798	0.222273410610518	-0.174766518436045
845.895	2.068	-1.844	1.8132566157233	0.179336998129233	-0.139886446774661
849.853	1.664	-1.891	1.63787344452581	0.235279566576592	-0.182071705605329
853.043	1.874	-1.526	1.73342050218533	0.200754036612112	-0.155354880735669
856.720	1.604	-1.803	1.94439230174603	0.204941707704941	-0.158729544738299
860.439	2.218	-2.114	2.0664474573684	0.234811731991355	-0.18195679092734
864.547	2.088	-1.89	2.00027580349704	0.182326269766841	-0.142771887785343
868.865	1.815	-2.23	1.92310141368371	0.22889216908151	-0.18033908955144
872.894	2.031	-2.214	1.80526235366117	0.170653990151381	-0.13469754302635
876.779	1.554	-1.853	1.69824500538512	0.231553787965937	-0.182998104355432
880.459	1.944	-2.126	1.74179440263011	0.172263337366982	-0.135352835669258
883.975	2.824	-1.572	1.78323331083458	0.2351228406945	-0.183696646699063
888.366	1.850	-1.566	1.79125726446385	0.18153170875733	-0.141500856571052
891.366	2.366	-1.151	1.79258282382964	0.205898369796161	-0.159968988980741
896.285	2.785	-2.553	1.7280439395978	0.200139301823916	-0.155065895191643
900.779	1.792	-1.71	1.62199608129418	0.212215998879408	-0.162523777270712
904.857	2.173	-2.286	1.6674077854411	0.221750871293806	-0.16974735947658
908.355	2.106	-1.325	1.88810030083373	0.194744604673281	-0.150812067545167
912.309	3.308	-1.848	2.06529016495211	0.241413518539757	-0.187748265416213
917.687	1.964	-2.069	2.02453102296791	0.185713650188833	-0.144789547559952
922.021	2.179	-2.37	1.99185765235703	0.246944889198912	-0.192811077330646
926.469	1.752	-2.269	1.99847382184334	0.186897926198304	-0.146806570458652
930.471	2.216	-2.25	2.00864137093227	0.160116137164145	-0.129071201598458
934.735	2.689	-2.048	2.01942655449877	0.199902490256603	-0.163632089529328
939.495	2.992	-2.071	2.003344599723	0.163732856365303	-0.130954975495189
944.338	2.062	-1.85	1.98543351565061	0.216912059939596	-0.167439091498435
948.592	1.750	-2.193	1.90574060739918	0.235316731498601	-0.180985163218264
952.459	2.173	-2.117	1.7270600741948	0.199445425430065	-0.151646541212906
957.046	2.532	-2.414	1.53995673842342	0.275396884815446	-0.207896586897293
962.205	2.812	-2.627	1.6810991436909	0.199681880116325	-0.151533609261889
967.364	2.633	-2.347	1.82148681342083	0.277721528405962	-0.211786879035675
971.732	1.605	-1.736	1.82625484191295	0.196595533826812	-0.150342245592804
975.213	1.407	-1.876	1.8274447658033	0.237179500585955	-0.182019295304541
979.372	2.007	-2.753	1.79408742387911	0.202883675478344	-0.155791211092062
982.974	1.707	-1.595	1.75138125280633	0.213168187010461	-0.163924937349319
986.837	2.358	-2.156	1.82370785540011	0.228458644175408	-0.175816609206255
991.494	2.775	-2.299	2.07932964942167	0.191325991324814	-0.148695487220957
996.291	1.625	-2.023	2.31041812812558	0.256912944824394	-0.20065782764692
999.666	1.774	-1.75	2.19428190656974	0.199137049673154	-0.154859845516716
1003.785	1.694	-2.345	2.05307421253527	0.213088596388635	-0.163621865946165
1007.679	2.063	-2.2	1.94026491128173	0.259492707619283	-0.198738834317893
1011.944	2.109	-2.202	1.91299847018199	0.200260900225871	-0.152694437144365
1016.186	1.943	-2.133	1.88599282288526	0.265974865100587	-0.201943921347049
1020.418	2.007	-2.289	1.74389710103362	0.207841608149654	-0.157761563307323
1024.719	1.969	-2.294	1.57371458332	0.237021786552511	-0.17979676625933
1028.750	2.049	-2.062	1.52358326145429	0.218326625140076	-0.165204220892956
1033.222	2.479	-2.422	1.54166872434358	0.235638603260363	-0.175818172080326
1038.346	2.484	-2.646	1.64765601450412	0.229937217038865	-0.172069173628644
1042.581	2.350	-1.751	1.79279496316577	0.194331322342351	-0.150407885794821
1047.025	2.324	-2.094	1.9230957301272	0.229848987456678	-0.180274343005778
1051.054	1.965	-1.705	1.96063354916983	0.179095471716668	-0.14025792233691
1054.564	1.849	-1.545	1.9932187953352	0.217442822671738	-0.170031229577844
1058.658	2.426	-2.244	1.89924229790372	0.206824267680223	-0.161031949408687
1063.223	1.496	-2.139	1.6903946627023	0.215456245705332	-0.16290187608512
1067.430	2.582	-2.711	1.49871789167098	0.323062813474262	-0.24306364828899
1071.902	1.662	-1.891	1.55126596362293	0.288588434270687	-0.217053419307909
NO NO NO NO NO NO
! xrtpcflux
4278.236	10.603	-6.948	1.67829242925813e-06	3.58309067543596e-07	-3.58309067543596e-07
4304.998	16.435	-16.16	5.97428415885533e-07	1.33997019102793e-07	-1.33997019102793e-07
4332.115	11.885	-10.681	7.64909196206464e-07	1.67646050450924e-07	-1.67646050450924e-07
4361.538	17.564	-17.538	4.03016650516055e-07	9.0669336977464e-08	-9.0669336977464e-08
4385.966	8.180	-6.863	1.09063656080417e-06	2.38688511350488e-07	-2.38688511350488e-07
4410.437	11.289	-16.291	7.29558869921324e-07	1.55757996755158e-07	-1.55757996755158e-07
4433.838	12.962	-12.112	9.11040875570995e-07	2.00256967166433e-07	-2.00256967166433e-07
4459.203	12.670	-12.403	1.0343207946543e-06	2.32698005192897e-07	-2.32698005192897e-07
4490.956	21.033	-19.083	1.09731638706956e-06	1.90232062628919e-07	-1.90232062628919e-07
10078.444	41.896	-25.801	6.29943046480592e-07	1.42384054478459e-07	-1.42384054478459e-07
10158.433	29.605	-38.093	5.88665705366329e-07	1.33054237191681e-07	-1.33054237191681e-07
10224.604	36.146	-36.566	5.29047411939096e-07	1.15954377136426e-07	-1.15954377136426e-07
10291.450	34.490	-30.7	4.82900574656803e-07	1.09317491601368e-07	-1.09317491601368e-07
10345.866	20.191	-19.926	6.17517897694007e-07	1.39145464554885e-07	-1.39145464554885e-07
10390.368	20.820	-24.311	4.53735994577859e-07	1.02715335803559e-07	-1.02715335803559e-07
10436.254	20.066	-25.066	3.80013115918706e-07	8.53652738644277e-08	-8.53652738644277e-08
10492.083	34.442	-35.763	2.47382735633815e-07	5.34105775336336e-08	-5.34105775336336e-08
10558.579	30.626	-32.054	3.03171261589649e-07	6.22815565429972e-08	-6.22815565429972e-08
11809.447	31.100	-26.569	2.08705538369614e-07	4.68825157590614e-08	-4.68825157590614e-08
11869.608	23.592	-29.062	2.36619084157039e-07	5.20123033889957e-08	-5.20123033889957e-08
11929.652	38.766	-36.452	1.63502644682377e-07	3.62050887479916e-08	-3.62050887479916e-08
22581.316	49.868	-50.425	1.38927501819248e-07	3.05309903534932e-08	-3.05309903534932e-08
22694.849	61.702	-63.664	1.12105789845206e-07	2.52271427140807e-08	-2.52271427140807e-08
22817.339	52.041	-60.789	2.44765616616772e-07	5.50212050401619e-08	-5.50212050401619e-08
22939.941	49.790	-70.561	2.19793267086339e-07	4.94076303573375e-08	-4.94076303573375e-08
23035.353	34.613	-45.622	4.91626605150127e-07	1.10975800041301e-07	-1.10975800041301e-07
23221.794	111.439	-151.829	2.85163582307857e-07	6.44282594860012e-08	-6.44282594860012e-08
23420.923	87.823	-87.689	3.62349299363016e-07	8.2123562110075e-08	-8.2123562110075e-08
23570.018	69.109	-61.272	2.08097817924757e-07	4.70243182901238e-08	-4.70243182901238e-08
23688.758	35.617	-49.632	1.92955585189208e-07	4.33288443185419e-08	-4.33288443185419e-08
23758.340	36.240	-33.965	2.33596955786447e-07	5.24550107816922e-08	-5.24550107816922e-08
23833.427	46.402	-38.847	1.96768801560478e-07	4.30681580748815e-08	-4.30681580748815e-08
23915.798	36.742	-35.97	2.1375289048033e-07	4.80498125254304e-08	-4.80498125254304e-08
24032.694	100.370	-80.153	1.43641594074683e-07	2.51009911839494e-08	-2.51009911839494e-08
28888.517	63.337	-82.087	1.56888552792674e-07	3.52668295843705e-08	-3.52668295843705e-08
29013.012	64.208	-61.158	1.68327788461495e-07	3.78382315914388e-08	-3.78382315914388e-08
29132.869	47.151	-55.649	1.59232909398076e-07	3.5831695674794e-08	-3.5831695674794e-08
29238.293	64.586	-58.273	1.11224145193418e-07	2.4949209874032e-08	-2.4949209874032e-08
29403.269	72.615	-100.39	9.22917273903308e-08	2.08342762103234e-08	-2.08342762103234e-08
29553.196	70.620	-77.312	1.24346351061155e-07	2.80406451843909e-08	-2.80406451843909e-08
29771.943	127.669	-148.128	1.36724998358477e-07	2.27098540246168e-08	-2.27098540246168e-08
34680.615	100.094	-110.521	6.16135163956748e-08	1.39522871896269e-08	-1.39522871896269e-08
34836.986	41.509	-56.277	1.2702250707495e-07	2.85224217926484e-08	-2.85224217926484e-08
34950.680	68.225	-72.185	8.07983517535338e-08	1.82002971603376e-08	-1.82002971603376e-08
35065.394	68.847	-46.49	9.04929249335798e-08	2.03198439963064e-08	-2.03198439963064e-08
35203.290	63.839	-69.049	7.17246323276788e-08	1.61224196709174e-08	-1.61224196709174e-08
35347.084	72.992	-79.955	5.72614791235525e-08	1.28984849709064e-08	-1.28984849709064e-08
35483.740	66.716	-63.664	6.23374714119605e-08	1.39829588602494e-08	-1.39829588602494e-08
35603.543	62.241	-53.087	8.82877799301741e-08	1.77615772591415e-08	-1.77615772591415e-08
40407.251	74.468	-80.986	1.16305760860302e-07	2.56124895594985e-08	-2.56124895594985e-08
40596.262	101.087	-114.542	7.39809255431792e-08	1.66130201429904e-08	-1.66130201429904e-08
40758.387	59.313	-61.038	1.0975234818404e-07	2.4645777261467e-08	-2.4645777261467e-08
40911.682	119.141	-93.981	5.15431761685542e-08	1.16737500161279e-08	-1.16737500161279e-08
41123.687	87.662	-92.864	5.3816483652374e-08	1.21365541449747e-08	-1.21365541449747e-08
41307.000	122.477	-95.651	3.29301463648935e-08	8.71161198074691e-09	-8.71161198074691e-09
47023.153	171.026	-117.314	4.08920299695737e-08	8.76371395348497e-09	-8.76371395348497e-09
51355.355	1026.767	-912.342	4.5675584697141e-08	1.18898551093088e-08	-1.18898551093088e-08
52468.833	133.933	-86.711	5.45998010926836e-08	1.22834755110464e-08	-1.22834755110464e-08
52763.792	197.516	-161.025	4.0518768371843e-08	8.35541248221972e-09	-8.35541248221972e-09
80407.568	112.611	-87.975	5.42603445994921e-08	1.41671577329836e-08	-1.41671577329836e-08
80646.930	141.532	-126.751	4.01269544349075e-08	1.06618232191262e-08	-1.06618232191262e-08
81016.479	123.007	-228.017	3.05043852665317e-08	8.04663280054547e-09	-8.04663280054547e-09
81447.079	339.287	-307.592	2.65032644486355e-08	5.40866849908137e-09	-5.40866849908137e-09
86541.636	230.693	-238.176	1.44896494274923e-08	3.78178726325844e-09	-3.78178726325844e-09
86951.384	149.403	-179.056	2.00089860674475e-08	5.2104347057219e-09	-5.2104347057219e-09
87736.914	3191.738	-636.127	2.19234765354507e-08	4.04209151897977e-09	-4.04209151897977e-09
98257.107	163.596	-137.282	5.78235283139771e-08	1.50966964289111e-08	-1.50966964289111e-08
98736.472	290.996	-315.769	5.30476948308858e-08	1.01783493325227e-08	-1.01783493325227e-08
109608.243	280.634	-341.177	4.20446273855511e-08	8.5658671125189e-09	-8.5658671125189e-09
115745.335	623.838	-414.185	1.99680886537182e-08	4.46433915015582e-09	-4.46433915015582e-09
132656.115	392.293	-410.043	1.65774320788261e-08	3.77139065853066e-09	-3.77139065853066e-09
166826.530	7140.389	-4882.289	6.10637203530903e-09	1.51515917504547e-09	-1.51515917504547e-09
194726.696	6482.264	-5179.878	6.45664100715854e-09	1.32682512475175e-09	-1.32682512475175e-09
221984.357	2440.818	-4268.265	1.09282182843487e-08	2.29215327488608e-09	-2.29215327488608e-09
241599.022	467.914	-404.626	1.36673262174125e-08	3.60620022400438e-09	-3.60620022400438e-09
305771.756	29594.901	-28496.812	8.91868028978454e-09	1.2744583259637e-09	-1.2744583259637e-09
392328.189	6504.463	-6715.288	7.18441502476913e-09	1.20141871373489e-09	-1.20141871373489e-09
489887.589	11740.364	-41013.218	5.11005460991618e-09	1.06625315701659e-09	-1.06625315701659e-09
536613.446	10853.797	-6967.588	3.39308620972458e-09	8.97048629995202e-10	-8.97048629995202e-10
625133.627	10055.228	-7672.897	3.16655560793335e-09	8.1609926664474e-10	-8.1609926664474e-10
767462.397	6086.060	-7517.443	4.39064045188521e-09	1.09112597549242e-09	-1.09112597549242e-09
869103.659	46704.800	-34458.775	3.3633392022912e-09	6.64300570795833e-10	-6.64300570795833e-10
1416150.309	134996.740	-206206.808	1.13809678131109e-09	2.98644437605883e-10	-2.98644437605883e-10
1660962.492	51764.871	-47900.519	1.22550556253951e-09	4.93919469756501e-10	-4.93919469756501e-10
NO NO NO NO NO NO
! xrtpcgamma
4278.236	10.603	-6.948	1.91791334483844	0.418534256997561	-0.308116560960846
4304.998	16.435	-16.16	2.00706778959481	0.292360908576263	-0.21512447428718
4332.115	11.885	-10.681	2.09684134906523	0.224420819773987	-0.16698164891332
4361.538	17.564	-17.538	2.1936157043684	0.273066000613903	-0.20601731783294
4385.966	8.180	-6.863	2.16108425304556	0.251728039623839	-0.190312040662982
4410.437	11.289	-16.291	2.07235325838421	0.196161058635997	-0.150511980270752
4433.838	12.962	-12.112	1.98796134711074	0.189232082009587	-0.149012535355751
4459.203	12.670	-12.403	1.90008273293356	0.233955584539766	-0.186027913939518
4490.956	21.033	-19.083	1.89730157240851	0.231951804666268	-0.184431274412757
10078.444	41.896	-25.801	1.58046836754647	0.35192934199849	-0.250692059733632
10158.433	29.605	-38.093	1.60447649800016	0.278430631647401	-0.198370975015482
10224.604	36.146	-36.566	1.65070686244766	0.274002722260058	-0.195460452759227
10291.450	34.490	-30.7	1.73651013394036	0.307281481841185	-0.219561239141706
10345.866	20.191	-19.926	1.85582067663188	0.223859076145419	-0.163745595224415
10390.368	20.820	-24.311	1.95292861305204	0.189817484940923	-0.146506684138638
10436.254	20.066	-25.066	2.0526220303426	0.205169582976249	-0.165035385247718
10492.083	34.442	-35.763	2.09319296515033	0.216195653971234	-0.174337036460756
10558.579	30.626	-32.054	2.10008742000704	0.206373428960771	-0.166290541618387
11809.447	31.100	-26.569	2.22226904126291	0.293819689856643	-0.221522380613229
11869.608	23.592	-29.062	2.22781428115655	0.305913363062907	-0.230624614477873
11929.652	38.766	-36.452	2.22573336039294	0.303737229624802	-0.228983582551633
22581.316	49.868	-50.425	1.94909958222134	0.3320552186317	-0.243093920473029
22694.849	61.702	-63.664	1.92243747524993	0.296876047211276	-0.217296309078522
22817.339	52.041	-60.789	1.82848891186408	0.240721949970029	-0.175029162989463
22939.941	49.790	-70.561	1.73344452513252	0.33740570705336	-0.244360114721687
23035.353	34.613	-45.622	1.60326587980566	0.262701184553973	-0.190260853195079
23221.794	111.439	-151.829	1.35043764524742	0.263082200692262	-0.190567456717303
23420.923	87.823	-87.689	1.4381995245966	0.241944673902267	-0.175602826805252
23570.018	69.109	-61.272	1.67932904462226	0.259370053657677	-0.189482904323068
23688.758	35.617	-49.632	1.83441484116741	0.301268189138261	-0.220405262120839
23758.340	36.240	-33.965	1.84372441506847	0.229895835485458	-0.170056440120145
23833.427	46.402	-38.847	1.85373998167442	0.196069448621792	-0.15059069977345
23915.798	36.742	-35.97	1.86469090358094	0.232331624417945	-0.183134722773236
24032.694	100.370	-80.153	1.86214539337162	0.237827121933292	-0.187506029798613
28888.517	63.337	-82.087	1.68465583478977	0.349658207893962	-0.249796771397153
29013.012	64.208	-61.158	1.73860547655783	0.290397616589387	-0.207770067056242
29132.869	47.151	-55.649	1.85924920107633	0.246181773963425	-0.179465274366283
29238.293	64.586	-58.273	1.95931934609878	0.327291353972245	-0.240397926065433
29403.269	72.615	-100.39	1.87106267906471	0.22761125730147	-0.168745311346945
29553.196	70.620	-77.312	1.79128516693501	0.221721271055572	-0.168483365778711
29771.943	127.669	-148.128	1.7372353884473	0.26957269880968	-0.205991087685837
34680.615	100.094	-110.521	1.93978471351904	0.327576232856328	-0.239790983364826
34836.986	41.509	-56.277	1.96312064144061	0.287006889988422	-0.210206269000242
34950.680	68.225	-72.185	2.00655467397117	0.229246151150682	-0.169328033725775
35065.394	68.847	-46.49	2.05023541053059	0.269403317452244	-0.200905254613034
35203.290	63.839	-69.049	2.09456793423348	0.253693277090598	-0.1894229011001
35347.084	72.992	-79.955	2.13547686293935	0.223194323482854	-0.16734300582139
35483.740	66.716	-63.664	2.17420111247342	0.292513268183035	-0.219800976410082
35603.543	62.241	-53.087	2.1714447736925	0.302074067067082	-0.226984772495521
40407.251	74.468	-80.986	1.78003786510086	0.341002251769693	-0.245545211595384
40596.262	101.087	-114.542	1.82195800479822	0.29420711235095	-0.212212630897887
40758.387	59.313	-61.038	1.92017158745151	0.222817563081197	-0.164632066950763
40911.682	119.141	-93.981	2.01267738303144	0.228215775925863	-0.174916626774417
41123.687	87.662	-92.864	2.07576268692127	0.270435386144313	-0.208662811265789
41307.000	122.477	-95.651	2.07408585701167	0.264861077248038	-0.204364888868381
47023.153	171.026	-117.314	2.02522217750228	0.188176351613267	-0.147084193588837
51355.355	1026.767	-912.342	1.99290225250639	0.245105303669151	-0.192515232188855
52468.833	133.933	-86.711	1.98664409291157	0.234227317614252	-0.183949727312241
52763.792	197.516	-161.025	1.9850085600631	0.231506381373462	-0.181803094472563
80407.568	112.611	-87.975	1.8620975095582	0.267494259873155	-0.205772236245431
80646.930	141.532	-126.751	1.86123028902598	0.269209207080374	-0.207090902641125
81016.479	123.007	-228.017	1.86288437627488	0.268817544312914	-0.206788444944827
81447.079	339.287	-307.592	1.88386352652075	0.2502060387004	-0.192401413464704
86541.636	230.693	-238.176	2.12398352055307	0.297604095960844	-0.221457947629779
86951.384	149.403	-179.056	2.14267761592632	0.318002784711769	-0.236602345560318
87736.914	3191.738	-636.127	2.10672003691089	0.297831406668904	-0.221558444984114
98257.107	163.596	-137.282	1.62437572657075	0.324167387975264	-0.235198955643647
98736.472	290.996	-315.769	1.62620842316945	0.313015544907444	-0.227103280646271
109608.243	280.634	-341.177	1.66554421734182	0.286171984607813	-0.20661462128332
115745.335	623.838	-414.185	1.71902251257445	0.315893146757184	-0.228073769004307
132656.115	392.293	-410.043	1.92219093170223	0.236435951202776	-0.172857707731939
166826.530	7140.389	-4882.289	2.23309996764818	0.303671110064295	-0.227624925407821
194726.696	6482.264	-5179.878	2.05534319882084	0.233274556252481	-0.171693465431073
221984.357	2440.818	-4268.265	1.90475136048433	0.293800413128789	-0.212105132606219
241599.022	467.914	-404.626	1.82939470357525	0.324223847820404	-0.233787580636442
305771.756	29594.901	-28496.812	1.78259109279464	0.257447902313825	-0.19125026344577
392328.189	6504.463	-6715.288	1.75435699555475	0.252153963269728	-0.182498649832946
489887.589	11740.364	-41013.218	1.76999413446014	0.255496506520642	-0.183825755830749
536613.446	10853.797	-6967.588	1.78765666882847	0.255157259689768	-0.183672509182594
625133.627	10055.228	-7672.897	1.79288020184002	0.324000106320454	-0.233199397090877
767462.397	6086.060	-7517.443	1.65001391325081	0.283742579186348	-0.196977392245774
869103.659	46704.800	-34458.775	1.56338976046384	0.391347012574031	-0.269212648463101
1416150.309	134996.740	-206206.808	1.56016954161191	0.396391297712401	-0.272680982153488
1660962.492	51764.871	-47900.519	1.56016954161191	0.396391297712401	-0.272680982153488
