READ TERR 1 2
! xrtwtslewflux
119.705814131609	0.276811846486595	-0.297834123587407	0.00179705171013592	0.000223016596607283	-0.000223016596607283
120.217405818478	0.192200178233776	-0.234779840382231	0.00271876769865676	0.000371498309374069	-0.000371498309374069
120.701276721762	0.336351290044163	-0.29167072504984	0.0017923974343376	0.000367535794463522	-0.000367535794463522
121.375704274871	0.320192725068154	-0.338076263064835	0.00178122960336412	0.000292014990990295	-0.000292014990990295
122.200680919285	0.48439908932535	-0.504783919345655	0.00118694233806594	0.000212621623049548	-0.000212621623049548
123.132232607019	0.502905384989106	-0.447152598408891	0.00122239557949174	0.000187233951151778	-0.000187233951151778
123.983936591322	0.476718399454185	-0.348798599313824	0.0011992044821859	0.000168836200150375	-0.000168836200150375
124.740935082396	0.303240916872497	-0.280280091619503	0.00140558494303053	0.000177432345802418	-0.000177432345802418
125.364303056108	0.34005494236591	-0.320127056840079	0.00109744495662123	0.000138978681343856	-0.000138978681343856
125.979513031288	0.329737995922414	-0.275155032813586	0.00107746467264674	0.000140832880780542	-0.000140832880780542
126.671206471317	0.338996549359067	-0.36195544410694	0.000832398613888199	0.000108998339431403	-0.000108998339431403
127.410059328146	0.389195685319621	-0.399856307470372	0.000830204427537291	9.75225378147063e-05	-9.75225378147063e-05
NO NO NO NO NO NO
! xrtwtslewgamma
119.705814131609	0.276811846486595	-0.297834123587407	0.457110690089068	0.169118237006217	-0.145605482097993
120.217405818478	0.192200178233776	-0.234779840382231	0.475968135171289	0.144467476589189	-0.124396863705794
120.701276721762	0.336351290044163	-0.29167072504984	0.493730083720966	0.123645620307248	-0.106471456233129
121.375704274871	0.320192725068154	-0.338076263064835	0.518368564742114	0.101352118906838	-0.0872454321491257
122.200680919285	0.48439908932535	-0.504783919345655	0.548321482164598	0.0918922369481739	-0.0789925404697828
123.132232607019	0.502905384989106	-0.447152598408891	0.581901755257138	0.109388046106672	-0.0939106594076855
123.983936591322	0.476718399454185	-0.348798599313824	0.626467207293582	0.119997768154233	-0.103014503156565
124.740935082396	0.303240916872497	-0.280280091619503	0.695612443996895	0.0947756999054365	-0.0815833492336616
125.364303056108	0.34005494236591	-0.320127056840079	0.752237380262288	0.0908567701754165	-0.0786133013135168
125.979513031288	0.329737995922414	-0.275155032813586	0.80784587760748	0.103877963678524	-0.090194443150175
126.671206471317	0.338996549359067	-0.36195544410694	0.870044294498782	0.132070374639228	-0.114741141549834
127.410059328146	0.389195685319621	-0.399856307470372	0.936109328836742	0.170061157118218	-0.147639676139207
NO NO NO NO NO NO
! xrtwtflux
133.542	0.388	-0.564	0.000673223611351235	8.49290012061791e-05	-8.49290012061791e-05
134.280	0.365	-0.35	0.000899602138230895	0.000115744084833074	-0.000115744084833074
134.998	0.325	-0.353	0.000975255747551083	0.000125123866060172	-0.000125123866060172
135.664	0.339	-0.341	0.00101506805782757	0.000127492173819784	-0.000127492173819784
136.486	0.356	-0.484	0.000847134649452488	0.000107353952658219	-0.000107353952658219
137.272	0.459	-0.429	0.000850841833282295	0.00011201028484344	-0.00011201028484344
138.081	0.347	-0.351	0.00118628956283758	0.000152469445199929	-0.000152469445199929
138.882	0.398	-0.454	0.00103405910580722	0.000133795173780498	-0.000133795173780498
139.612	0.282	-0.332	0.00134884396593573	0.000170123849282085	-0.000170123849282085
140.162	0.351	-0.268	0.00117016853497628	0.000149656454277907	-0.000149656454277907
140.898	0.362	-0.385	0.000797482888327797	0.000104125204458689	-0.000104125204458689
141.633	0.386	-0.373	0.000770112441327789	9.6911982375759e-05	-9.6911982375759e-05
142.365	0.331	-0.345	0.000998046937367044	0.000133340177327231	-0.000133340177327231
143.027	0.300	-0.332	0.0012984670614645	0.00017285868299778	-0.00017285868299778
143.647	0.330	-0.32	0.00138476919684349	0.000184653862794493	-0.000184653862794493
144.504	0.384	-0.527	0.000982775327952668	0.000126690032893189	-0.000126690032893189
145.265	0.385	-0.378	0.00117501285444842	0.000154099007356778	-0.000154099007356778
146.072	0.371	-0.421	0.00115248550991716	0.000156630273671797	-0.000156630273671797
146.806	0.370	-0.363	0.00126334210998655	0.000172157811223915	-0.000172157811223915
147.563	0.443	-0.388	0.00113123070957553	0.000145578745314704	-0.000145578745314704
148.406	0.353	-0.4	0.00124723537390534	0.000156729863754516	-0.000156729863754516
149.173	0.447	-0.414	0.0010120186809035	0.00013215694087451	-0.00013215694087451
150.170	0.420	-0.55	0.00086014850375835	0.000108760319637576	-0.000108760319637576
150.961	0.376	-0.372	0.00106314738152452	0.000139026703857742	-0.000139026703857742
151.788	0.351	-0.452	0.000992225873722111	0.000135433850868115	-0.000135433850868115
152.520	0.406	-0.381	0.00103997529713474	0.000139676367792724	-0.000139676367792724
153.368	0.424	-0.442	0.000946868042570285	0.000130539892614719	-0.000130539892614719
154.304	0.429	-0.512	0.000964865067403302	0.000124101145054556	-0.000124101145054556
155.042	0.315	-0.309	0.0015895711075303	0.000205219012360758	-0.000205219012360758
155.736	0.389	-0.378	0.00140566114250974	0.000183971292876021	-0.000183971292876021
156.587	0.467	-0.463	0.00118511831508557	0.000163051388051013	-0.000163051388051013
157.446	0.394	-0.391	0.00118571124833844	0.000158974426496242	-0.000158974426496242
158.310	0.440	-0.471	0.000861450126518063	0.000108901079098253	-0.000108901079098253
159.189	0.431	-0.439	0.000761755939026239	9.75510639101065e-05	-9.75510639101065e-05
159.982	0.359	-0.361	0.000988968950202918	0.000130465497884377	-0.000130465497884377
160.882	0.400	-0.541	0.000800055831346884	0.00010759401495449	-0.00010759401495449
161.830	0.442	-0.548	0.000857346841641797	0.000109955131002818	-0.000109955131002818
162.644	0.438	-0.373	0.000952360164326003	0.000123208563324035	-0.000123208563324035
163.467	0.360	-0.384	0.000959898443310416	0.000122634881863392	-0.000122634881863392
164.418	0.411	-0.592	0.000642972622566093	8.21298102494647e-05	-8.21298102494647e-05
165.226	0.401	-0.396	0.000904576773518016	0.000124124277094643	-0.000124124277094643
166.114	0.473	-0.488	0.000812756203252543	0.00010985350433954	-0.00010985350433954
166.932	0.351	-0.345	0.00120668751267119	0.00016241481875152	-0.00016241481875152
167.810	0.464	-0.527	0.000823592424020524	0.000119130163255034	-0.000119130163255034
168.847	0.457	-0.573	0.000707275179368172	0.000101685549188318	-0.000101685549188318
169.847	0.477	-0.543	0.000657536028372745	9.25968575421665e-05	-9.25968575421665e-05
170.684	0.408	-0.361	0.000779892159856424	0.000110453263837521	-0.000110453263837521
171.506	0.357	-0.413	0.000671522711761573	8.95194907683046e-05	-8.95194907683046e-05
172.361	0.500	-0.499	0.000457223184390193	5.83189757836443e-05	-5.83189757836443e-05
173.482	0.691	-0.622	0.000381690842891783	5.36831108336573e-05	-5.36831108336573e-05
174.747	0.477	-0.573	0.000538455072883551	7.89423317430942e-05	-7.89423317430942e-05
175.822	0.535	-0.598	0.000496574692754575	7.04435813444941e-05	-7.04435813444941e-05
176.864	0.485	-0.508	0.000536727210357454	7.42894820893511e-05	-7.42894820893511e-05
177.846	0.627	-0.497	0.000467165563356721	6.11697859753642e-05	-6.11697859753642e-05
179.092	0.522	-0.618	0.000412042870528356	5.36100077961459e-05	-5.36100077961459e-05
180.117	0.519	-0.502	0.000397530580025417	5.42287906486852e-05	-5.42287906486852e-05
181.074	0.419	-0.438	0.000425577933389411	5.7785433311345e-05	-5.7785433311345e-05
182.124	0.549	-0.631	0.00031611106217649	4.48408910528257e-05	-4.48408910528257e-05
183.215	0.543	-0.542	0.000361212626596827	5.16698474793483e-05	-5.16698474793483e-05
184.263	0.482	-0.505	0.000429253819103198	6.17086348009304e-05	-6.17086348009304e-05
185.220	0.448	-0.475	0.000500927325202257	6.97927243634943e-05	-6.97927243634943e-05
186.079	0.465	-0.41	0.000575971206630105	8.00070810382546e-05	-8.00070810382546e-05
186.920	0.360	-0.376	0.000772403901636095	9.82512009850583e-05	-9.82512009850583e-05
187.773	0.483	-0.492	0.000497281595235306	6.55135909396437e-05	-6.55135909396437e-05
188.826	0.482	-0.571	0.00037247724313712	4.91924616284346e-05	-4.91924616284346e-05
189.891	0.551	-0.582	0.000324749029750131	4.15137832013675e-05	-4.15137832013675e-05
190.956	0.553	-0.515	0.000392979871611649	5.29692190578048e-05	-5.29692190578048e-05
192.160	0.700	-0.65	0.000358998139979334	4.81768726119486e-05	-4.81768726119486e-05
193.406	0.504	-0.546	0.000392194487987623	4.98302378264135e-05	-4.98302378264135e-05
194.494	0.531	-0.584	0.000317007730588571	4.11926886155815e-05	-4.11926886155815e-05
195.738	0.529	-0.713	0.000264547796466043	3.54998766563086e-05	-3.54998766563086e-05
196.885	0.528	-0.618	0.000273094542142646	3.4819336267701e-05	-3.4819336267701e-05
197.968	0.515	-0.556	0.000291884898534744	3.68385722250984e-05	-3.68385722250984e-05
199.067	0.553	-0.584	0.000278789711672304	3.62429975142457e-05	-3.62429975142457e-05
200.148	0.600	-0.528	0.000264154963164154	3.43258203371137e-05	-3.43258203371137e-05
201.299	0.570	-0.55	0.000225552521854462	2.83508388981118e-05	-2.83508388981118e-05
202.533	0.568	-0.664	0.000179785330243374	2.36769666218715e-05	-2.36769666218715e-05
203.556	0.413	-0.455	0.000278387434096056	3.59643777154006e-05	-3.59643777154006e-05
204.530	0.669	-0.562	0.000211553296700906	2.76513299467e-05	-2.76513299467e-05
205.704	0.608	-0.504	0.000268964482924309	3.35738158483857e-05	-3.35738158483857e-05
206.876	0.593	-0.564	0.000271049782060717	3.60974939690655e-05	-3.60974939690655e-05
208.089	0.633	-0.621	0.000274757544594141	3.54806268326492e-05	-3.54806268326492e-05
209.235	0.642	-0.512	0.000311060185795536	4.10273136055249e-05	-4.10273136055249e-05
210.447	0.520	-0.57	0.000276848855861332	3.56656540981231e-05	-3.56656540981231e-05
211.509	0.515	-0.541	0.000235556970420519	3.12115910023835e-05	-3.12115910023835e-05
212.536	0.365	-0.512	0.000278314492402209	3.59548446316556e-05	-3.59548446316556e-05
213.603	0.685	-0.701	0.000190366329241558	2.62180988234738e-05	-2.62180988234738e-05
215.137	0.868	-0.849	0.000143749530913719	1.82387177815918e-05	-1.82387177815918e-05
216.634	0.552	-0.629	0.000152824988188897	2.01381875109187e-05	-2.01381875109187e-05
217.993	0.810	-0.808	0.000104886053224119	1.39925909744567e-05	-1.39925909744567e-05
219.477	0.525	-0.674	0.000173529045204832	2.20910550151327e-05	-2.20910550151327e-05
220.656	0.517	-0.654	0.000204930386277671	2.55326809636492e-05	-2.55326809636492e-05
221.822	0.631	-0.65	0.000199996272121856	2.58882009498153e-05	-2.58882009498153e-05
223.081	0.640	-0.627	0.000212400829116395	2.83841947817286e-05	-2.83841947817286e-05
224.199	0.548	-0.478	0.00026440349438882	3.30845718524404e-05	-3.30845718524404e-05
225.340	0.568	-0.594	0.000250920106292283	3.19820458985929e-05	-3.19820458985929e-05
226.477	0.686	-0.568	0.000285146295828244	3.62378977982479e-05	-3.62378977982479e-05
227.831	0.532	-0.668	0.000354059771522811	4.53922775966557e-05	-4.53922775966557e-05
228.896	0.623	-0.534	0.000290419354179723	3.6391031345595e-05	-3.6391031345595e-05
230.059	0.598	-0.541	0.000231026232214593	3.04900452158891e-05	-3.04900452158891e-05
231.531	0.758	-0.873	0.000162620166977363	2.09151327627908e-05	-2.09151327627908e-05
232.862	0.624	-0.573	0.000226225159878434	2.97224216178626e-05	-2.97224216178626e-05
234.315	0.659	-0.829	0.000178050239062676	2.29090328496818e-05	-2.29090328496818e-05
235.282	0.285	-0.309	0.00016259131992244	2.01261256005477e-05	-2.01261256005477e-05
235.818	0.373	-0.25	0.000155681489308189	1.90279166878159e-05	-1.90279166878159e-05
236.454	0.291	-0.264	0.000171024193363145	2.09034041919372e-05	-2.09034041919372e-05
237.037	0.269	-0.292	0.000164236816612198	1.99272633536367e-05	-1.99272633536367e-05
237.642	0.313	-0.336	0.000138850304633954	1.74109424525139e-05	-1.74109424525139e-05
238.243	0.378	-0.288	0.000148830473812514	1.81938909774753e-05	-1.81938909774753e-05
238.966	0.328	-0.345	0.000151200271984812	1.87190452034122e-05	-1.87190452034122e-05
239.676	0.292	-0.383	0.000149503924922383	1.82754229862942e-05	-1.82754229862942e-05
240.259	0.301	-0.292	0.00014642518895617	1.83581087189043e-05	-1.83581087189043e-05
240.868	0.363	-0.308	9.72138562040774e-05	1.21878476344493e-05	-1.21878476344493e-05
241.515	0.295	-0.285	0.00011464213084109	1.41896668273073e-05	-1.41896668273073e-05
242.070	0.260	-0.259	0.000123681869419152	1.85802643807421e-05	-1.85802643807421e-05
242.649	0.314	-0.319	0.00020476976008762	2.60004374353016e-05	-2.60004374353016e-05
243.290	0.316	-0.327	0.000187031600741268	2.3446612394742e-05	-2.3446612394742e-05
243.912	0.248	-0.307	0.000132401501992315	2.05067180483729e-05	-2.05067180483729e-05
244.475	0.321	-0.314	0.000181656992642807	2.20365889001063e-05	-2.20365889001063e-05
245.155	0.307	-0.359	0.000181849352064596	2.27984420113579e-05	-2.27984420113579e-05
245.810	0.324	-0.349	0.000189852015013756	2.41108962113773e-05	-2.41108962113773e-05
246.445	0.289	-0.311	0.000222530316722045	2.75473124652308e-05	-2.75473124652308e-05
247.007	0.235	-0.274	0.000283052855442833	3.40935791725992e-05	-3.40935791725992e-05
247.547	0.252	-0.305	0.000191910397345064	2.40627496575107e-05	-2.40627496575107e-05
248.082	0.281	-0.283	0.000156336329417751	1.98555017107833e-05	-1.98555017107833e-05
248.660	0.272	-0.297	0.000217450783664017	2.69176518707882e-05	-2.69176518707882e-05
249.252	0.363	-0.32	0.000228197700458079	2.78925774582501e-05	-2.78925774582501e-05
249.944	0.327	-0.328	0.0002602342632207	3.26283017464017e-05	-3.26283017464017e-05
250.580	0.329	-0.31	0.000218327430585993	2.70264076981437e-05	-2.70264076981437e-05
251.208	0.329	-0.299	0.000128035576160004	1.58504361975273e-05	-1.58504361975273e-05
251.854	0.235	-0.317	0.000111833598599905	1.38448209371423e-05	-1.38448209371423e-05
252.354	0.253	-0.265	0.000126795529049747	1.54981678690999e-05	-1.54981678690999e-05
252.850	0.277	-0.244	8.75115320470187e-05	1.32982165417171e-05	-1.32982165417171e-05
253.400	0.363	-0.272	9.71822010827612e-05	1.2875854352661e-05	-1.2875854352661e-05
254.036	0.273	-0.273	0.000135873265055051	1.70330825609687e-05	-1.70330825609687e-05
254.585	0.239	-0.277	9.9236678266491e-05	1.50794107575203e-05	-1.50794107575203e-05
255.119	0.235	-0.294	0.000104233079269498	1.55961877743236e-05	-1.55961877743236e-05
255.677	0.344	-0.323	0.000122855173397809	1.54058356799303e-05	-1.54058356799303e-05
256.331	0.321	-0.311	0.000139176682545975	1.74521058845509e-05	-1.74521058845509e-05
256.915	0.281	-0.263	0.000120602417963538	1.83280601752379e-05	-1.83280601752379e-05
257.497	0.210	-0.3	0.000121745691972011	1.81537954820416e-05	-1.81537954820416e-05
258.005	0.245	-0.298	8.8418599502158e-05	1.31833895819447e-05	-1.31833895819447e-05
258.514	0.260	-0.264	7.4969423005795e-05	1.11776902043216e-05	-1.11776902043216e-05
259.157	0.358	-0.382	8.45154686198997e-05	1.0460049440866e-05	-1.0460049440866e-05
259.881	0.251	-0.367	0.000113828864839208	1.40896870609955e-05	-1.40896870609955e-05
260.472	0.278	-0.34	8.92640897010664e-05	1.33113147774903e-05	-1.33113147774903e-05
261.104	0.394	-0.355	6.72218994571267e-05	1.02155803619787e-05	-1.02155803619787e-05
261.778	0.258	-0.28	6.31956672896753e-05	9.60341917870207e-06	-9.60341917870207e-06
262.348	0.317	-0.312	3.99439502397401e-05	6.0696768128473e-06	-6.0696768128473e-06
262.978	0.278	-0.312	3.7223112700035e-05	5.76501619262549e-06	-5.76501619262549e-06
263.597	0.310	-0.341	3.08960474302158e-05	4.60657888035422e-06	-4.60657888035422e-06
264.225	0.268	-0.318	3.48598620307289e-05	5.1977415555338e-06	-5.1977415555338e-06
264.760	0.254	-0.268	4.63008096761984e-05	6.82857701605902e-06	-6.82857701605902e-06
265.286	0.436	-0.272	5.13070610285513e-05	6.62612399155235e-06	-6.62612399155235e-06
266.060	0.336	-0.338	4.99908371281212e-05	7.59666535343118e-06	-7.59666535343118e-06
266.666	0.260	-0.27	7.72043320208915e-05	1.15124035476621e-05	-1.15124035476621e-05
267.303	0.407	-0.376	5.13503590405377e-05	7.65820443254002e-06	-7.65820443254002e-06
268.091	0.382	-0.382	4.61709078297144e-05	6.88624344796262e-06	-6.88624344796262e-06
268.814	0.331	-0.341	5.58520706092427e-05	8.32968517978787e-06	-8.32968517978787e-06
269.413	0.248	-0.268	9.42648240483622e-05	1.40572251282784e-05	-1.40572251282784e-05
269.911	0.330	-0.25	9.62112292087467e-05	1.43472406830878e-05	-1.43472406830878e-05
270.512	0.268	-0.271	7.76668814450439e-05	1.18036413122099e-05	-1.18036413122099e-05
271.069	0.296	-0.289	5.64789309387473e-05	8.58281203759878e-06	-8.58281203759878e-06
271.697	0.336	-0.331	6.64102574782619e-05	9.90253164686352e-06	-9.90253164686352e-06
272.292	0.333	-0.259	9.73092140584053e-05	1.45109740893323e-05	-1.45109740893323e-05
272.926	0.330	-0.301	8.66618472766588e-05	1.31703213777109e-05	-1.31703213777109e-05
273.575	0.263	-0.319	8.65083411016479e-05	1.29002990225741e-05	-1.29002990225741e-05
274.141	0.313	-0.302	7.06043797913418e-05	1.07293578064012e-05	-1.07293578064012e-05
274.804	0.373	-0.35	5.09709375542198e-05	7.74549568571865e-06	-7.74549568571865e-06
275.482	0.269	-0.306	6.26957850560599e-05	9.34902889113202e-06	-9.34902889113202e-06
276.018	0.322	-0.267	7.13831929533342e-05	1.08475176425676e-05	-1.08475176425676e-05
276.596	0.250	-0.257	0.00010083209367647	1.50351695509526e-05	-1.50351695509526e-05
277.109	0.303	-0.263	0.00010475684205033	1.53339829073126e-05	-1.53339829073126e-05
277.767	0.333	-0.354	8.45931383240124e-05	1.26133555515589e-05	-1.26133555515589e-05
278.441	0.240	-0.341	9.14558441840864e-05	1.38974983130743e-05	-1.38974983130743e-05
279.106	0.353	-0.425	6.21034165363826e-05	9.43753364993306e-06	-9.43753364993306e-06
279.844	0.319	-0.386	5.14219659402178e-05	7.66745910737936e-06	-7.66745910737936e-06
280.507	0.280	-0.344	4.16614071844438e-05	6.2117391630985e-06	-6.2117391630985e-06
281.065	0.228	-0.277	4.71180313503735e-05	7.02559307692732e-06	-7.02559307692732e-06
281.608	0.363	-0.315	4.5624676865901e-05	6.93328343499451e-06	-6.93328343499451e-06
282.382	0.420	-0.411	5.43185159099836e-05	8.41239403304296e-06	-8.41239403304296e-06
283.101	0.389	-0.3	7.39442031990026e-05	1.10247100572023e-05	-1.10247100572023e-05
283.857	0.394	-0.367	7.03857675475964e-05	1.06949685163974e-05	-1.06949685163974e-05
284.518	0.341	-0.266	6.64803540056596e-05	9.91273252320857e-06	-9.91273252320857e-06
285.271	0.399	-0.413	3.24500118222019e-05	4.83827491839734e-06	-4.83827491839734e-06
286.177	0.356	-0.507	2.7370138766937e-05	4.15896614473146e-06	-4.15896614473146e-06
287.002	0.314	-0.47	5.4122307776695e-05	8.22481152473586e-06	-8.22481152473586e-06
287.633	0.277	-0.316	0.000110516295794083	1.7119144555824e-05	-1.7119144555824e-05
288.191	0.366	-0.282	8.12586597713589e-05	1.23506963689935e-05	-1.23506963689935e-05
288.941	0.367	-0.384	4.70846271477384e-05	7.15606207568432e-06	-7.15606207568432e-06
289.737	0.311	-0.429	3.65187142664011e-05	5.44585550976279e-06	-5.44585550976279e-06
290.401	0.346	-0.353	3.29366062678599e-05	5.00603818692874e-06	-5.00603818692874e-06
291.051	0.254	-0.304	3.62697425188644e-05	5.40892811208054e-06	-5.40892811208054e-06
291.686	0.370	-0.38	2.52548832774029e-05	3.76587596554804e-06	-3.76587596554804e-06
292.439	0.400	-0.383	2.24076868468984e-05	3.3410053694085e-06	-3.3410053694085e-06
293.269	0.458	-0.43	1.81901392754772e-05	2.71223234032401e-06	-2.71223234032401e-06
294.255	0.376	-0.528	1.94923509773512e-05	2.90639981494037e-06	-2.90639981494037e-06
295.135	0.446	-0.504	2.00357709290404e-05	2.98748942764185e-06	-2.98748942764185e-06
296.255	0.500	-0.674	1.6863732561361e-05	2.51436233241335e-06	-2.51436233241335e-06
297.179	0.415	-0.423	1.98423606710686e-05	3.07316409357854e-06	-3.07316409357854e-06
298.053	0.414	-0.459	1.70760275798251e-05	2.54614829187421e-06	-2.54614829187421e-06
298.923	0.490	-0.456	1.38660790294478e-05	2.10701789290729e-06	-2.10701789290729e-06
299.913	0.356	-0.5	1.63959904332212e-05	2.44484893210188e-06	-2.44484893210188e-06
300.697	0.451	-0.428	1.66586289218923e-05	2.53157792595763e-06	-2.53157792595763e-06
301.697	0.474	-0.549	1.60338659728612e-05	2.3908529164124e-06	-2.3908529164124e-06
302.638	0.390	-0.467	3.03031452467685e-05	4.60469174557425e-06	-4.60469174557425e-06
303.474	0.385	-0.446	4.8305499205689e-05	7.20252043682891e-06	-7.20252043682891e-06
304.154	0.293	-0.294	9.75310755294108e-05	1.48206128461993e-05	-1.48206128461993e-05
304.751	0.350	-0.305	0.000126012829646574	1.87905532833091e-05	-1.87905532833091e-05
305.373	0.242	-0.272	0.000227801190435337	3.46203294144662e-05	-3.46203294144662e-05
305.968	0.334	-0.353	0.00027222885323213	3.32769069580953e-05	-3.32769069580953e-05
306.578	0.254	-0.276	0.000290756269252235	3.55395488490464e-05	-3.55395488490464e-05
307.168	0.264	-0.336	0.000233622736197053	2.8920944839902e-05	-2.8920944839902e-05
307.685	0.263	-0.253	0.00034330237058342	4.24992630285015e-05	-4.24992630285015e-05
308.229	0.257	-0.282	0.000420437955739092	5.20603074564875e-05	-5.20603074564875e-05
308.756	0.286	-0.269	0.000349396482314191	4.32686570162743e-05	-4.32686570162743e-05
309.339	0.240	-0.297	0.000303483398985206	3.71242218834539e-05	-3.71242218834539e-05
309.843	0.240	-0.264	0.000334922639210125	3.97978417583086e-05	-3.97978417583086e-05
310.335	0.249	-0.253	0.000380546806338658	4.52128437037656e-05	-4.52128437037656e-05
310.855	0.247	-0.27	0.000373875276234705	4.5376437812392e-05	-4.5376437812392e-05
311.334	0.274	-0.232	0.000316378552133107	3.74968150488153e-05	-3.74968150488153e-05
311.884	0.290	-0.276	0.000198945147518094	2.49499279612821e-05	-2.49499279612821e-05
312.471	0.280	-0.298	0.00021854612399265	2.67146610535738e-05	-2.67146610535738e-05
313.024	0.288	-0.273	0.000242316032552705	2.96235713601581e-05	-2.96235713601581e-05
313.612	0.278	-0.301	0.000222071554586569	2.71527942613398e-05	-2.71527942613398e-05
314.255	0.283	-0.365	0.000190433961257156	2.38752355479587e-05	-2.38752355479587e-05
314.859	0.239	-0.322	0.0002452553170356	3.07468444927636e-05	-3.07468444927636e-05
315.372	0.256	-0.274	0.000276330852136311	3.37753821720614e-05	-3.37753821720614e-05
315.887	0.259	-0.259	0.000297113403175633	3.3663913936675e-05	-3.3663913936675e-05
316.408	0.288	-0.262	0.000218692437544531	2.67333778115153e-05	-2.67333778115153e-05
316.945	0.267	-0.249	0.000243352348869118	3.0514341255544e-05	-3.0514341255544e-05
317.478	0.236	-0.266	0.000297275871074233	3.49797357525066e-05	-3.49797357525066e-05
318.003	0.270	-0.29	0.000240739709263528	2.94316559739019e-05	-2.94316559739019e-05
318.575	0.246	-0.302	0.000238751450549054	2.95623131039087e-05	-2.95623131039087e-05
319.106	0.294	-0.285	0.000219776676420027	2.68670976257954e-05	-2.68670976257954e-05
319.753	0.316	-0.353	0.000177004910683984	2.19139217564842e-05	-2.19139217564842e-05
320.365	0.273	-0.296	0.000190108827990766	2.35353005620094e-05	-2.35353005620094e-05
320.944	0.292	-0.306	0.000164612220334514	2.04800109908418e-05	-2.04800109908418e-05
321.511	0.251	-0.275	0.000198815743852769	2.49297347709532e-05	-2.49297347709532e-05
321.991	0.280	-0.229	0.000280045914010483	3.37344997732444e-05	-3.37344997732444e-05
322.594	0.247	-0.322	0.000287315214378079	3.51211944179805e-05	-3.51211944179805e-05
323.102	0.246	-0.261	0.000316125611273109	3.91347238609959e-05	-3.91347238609959e-05
323.611	0.240	-0.263	0.000307166526914139	3.74571279361929e-05	-3.74571279361929e-05
324.172	0.261	-0.321	0.000227780572390886	2.79838838179638e-05	-2.79838838179638e-05
324.687	0.266	-0.254	0.000232037302366635	2.87227701946831e-05	-2.87227701946831e-05
325.246	0.280	-0.293	0.000155026705416875	2.19290415966576e-05	-2.19290415966576e-05
325.800	0.313	-0.274	0.000194464967631114	2.40684561417002e-05	-2.40684561417002e-05
326.437	0.354	-0.324	0.000139799908619089	1.73031376255392e-05	-1.73031376255392e-05
327.121	0.336	-0.331	0.000115201750199687	1.44426646925789e-05	-1.44426646925789e-05
327.755	0.311	-0.297	0.000130352392131858	1.61360852147443e-05	-1.61360852147443e-05
328.359	0.330	-0.293	0.000131902843318931	1.63291314602292e-05	-1.63291314602292e-05
328.996	0.247	-0.308	0.000131922799944822	1.63309066413512e-05	-1.63309066413512e-05
329.526	0.334	-0.282	0.000105729112285869	1.30871071174599e-05	-1.30871071174599e-05
330.127	0.249	-0.267	0.000157020942412248	1.91898181855975e-05	-1.91898181855975e-05
330.668	0.316	-0.293	0.000180510788683686	2.21734027937293e-05	-2.21734027937293e-05
331.256	0.333	-0.272	0.000185846170927169	2.3003889146138e-05	-2.3003889146138e-05
331.930	0.310	-0.341	0.000138139569932016	1.688509539505e-05	-1.688509539505e-05
332.493	0.252	-0.253	0.000118129993976712	1.77503173612419e-05	-1.77503173612419e-05
333.087	0.359	-0.342	0.000131146359064529	1.62363277037404e-05	-1.62363277037404e-05
333.770	0.313	-0.324	0.000141019372254627	1.74570931089336e-05	-1.74570931089336e-05
334.353	0.278	-0.27	0.000108119408885285	1.59472226033701e-05	-1.59472226033701e-05
334.919	0.319	-0.288	0.00013308492921876	1.73452156896231e-05	-1.73452156896231e-05
335.543	0.347	-0.306	0.000130797593261562	1.61916428251763e-05	-1.61916428251763e-05
336.215	0.366	-0.324	0.00011276638140819	1.37832766978119e-05	-1.37832766978119e-05
336.845	0.299	-0.264	0.000109508265467437	1.33846713566955e-05	-1.33846713566955e-05
337.457	0.340	-0.314	0.000106155552274206	1.31410303674708e-05	-1.31410303674708e-05
338.094	0.274	-0.296	0.000143756562024264	2.18441993338337e-05	-2.18441993338337e-05
338.660	0.237	-0.293	0.000239074934492586	3.56451115142501e-05	-3.56451115142501e-05
339.103	0.344	-0.206	0.000155184685033277	2.3312782213277e-05	-2.3312782213277e-05
339.738	0.330	-0.291	8.95893518146895e-05	1.25873237903203e-05	-1.25873237903203e-05
340.343	0.323	-0.275	5.95375835274557e-05	8.78104350728644e-06	-8.78104350728644e-06
340.969	0.241	-0.304	5.68918190329758e-05	8.48364713516321e-06	-8.48364713516321e-06
341.585	0.301	-0.375	4.41754646880254e-05	6.71328493832205e-06	-6.71328493832205e-06
342.249	0.294	-0.362	6.33063452304316e-05	9.62029685934796e-06	-9.62029685934796e-06
342.801	0.271	-0.259	0.000107699691457666	1.60015418327473e-05	-1.60015418327473e-05
343.429	0.302	-0.356	6.77382822192215e-05	1.0293286354612e-05	-1.0293286354612e-05
344.070	0.306	-0.338	5.6225592854356e-05	8.38386775749693e-06	-8.38386775749693e-06
344.686	0.292	-0.311	5.7455202037461e-05	8.56747604950727e-06	-8.56747604950727e-06
345.307	0.363	-0.329	7.34844355530251e-05	8.98092775556759e-06	-8.98092775556759e-06
346.078	0.324	-0.407	6.47144919233628e-05	9.64930011119744e-06	-9.64930011119744e-06
346.678	0.252	-0.277	0.000120314103040391	1.86347352856113e-05	-1.86347352856113e-05
347.247	0.477	-0.317	8.29179043869112e-05	1.23639877135469e-05	-1.23639877135469e-05
348.136	0.442	-0.412	6.69002726650373e-05	1.01664305936307e-05	-1.01664305936307e-05
348.999	0.358	-0.422	5.78411496575862e-05	8.79000509170012e-06	-8.79000509170012e-06
349.618	0.258	-0.261	6.97778212213515e-05	1.08083093453766e-05	-1.08083093453766e-05
350.294	0.362	-0.418	4.11512018904985e-05	6.13647553720975e-06	-6.13647553720975e-06
350.964	0.281	-0.308	5.04104433445754e-05	7.51719970198496e-06	-7.51719970198496e-06
351.553	0.311	-0.308	4.40573310755268e-05	6.82425880837601e-06	-6.82425880837601e-06
352.153	0.362	-0.289	4.82312716034647e-05	7.19221115054976e-06	-7.19221115054976e-06
352.849	0.319	-0.334	5.47746732135051e-05	8.16793626220132e-06	-8.16793626220132e-06
353.503	0.302	-0.335	5.81566091843907e-05	9.00811246419676e-06	-9.00811246419676e-06
354.114	0.474	-0.309	4.97846945750694e-05	7.56558927066342e-06	-7.56558927066342e-06
354.890	0.228	-0.303	7.37689180681724e-05	1.10003777338628e-05	-1.10003777338628e-05
355.407	0.293	-0.289	6.27287976587352e-05	9.53272998818477e-06	-9.53272998818477e-06
356.048	0.324	-0.348	5.18702719161413e-05	7.88262100111133e-06	-7.88262100111133e-06
356.765	0.334	-0.393	5.65510274781524e-05	8.43296575683966e-06	-8.43296575683966e-06
357.505	0.317	-0.406	6.65427579996547e-05	9.92299753509237e-06	-9.92299753509237e-06
358.184	0.372	-0.363	6.77076824178239e-05	1.04877947140984e-05	-1.04877947140984e-05
359.102	0.435	-0.545	5.64865651749414e-05	8.42345494477118e-06	-8.42345494477118e-06
359.963	0.354	-0.426	5.67191112404974e-05	8.45807591489546e-06	-8.45807591489546e-06
360.671	0.334	-0.355	5.12745430050098e-05	7.64612456031151e-06	-7.64612456031151e-06
361.455	0.443	-0.45	4.16320162357717e-05	6.20817744816678e-06	-6.20817744816678e-06
362.332	0.416	-0.435	5.70963670095473e-05	8.5141618633949e-06	-8.5141618633949e-06
363.149	0.321	-0.401	7.22551473251001e-05	1.07745663430541e-05	-1.07745663430541e-05
363.881	0.381	-0.41	5.69589820763652e-05	8.49359819151577e-06	-8.49359819151577e-06
364.568	0.266	-0.305	6.3780722792234e-05	9.51091582756271e-06	-9.51091582756271e-06
365.168	0.304	-0.335	4.09897556589884e-05	6.11240356813092e-06	-6.11240356813092e-06
365.957	0.402	-0.485	1.91171316468315e-05	2.85079366990087e-06	-2.85079366990087e-06
366.814	0.401	-0.454	2.23490359771154e-05	3.33279178595206e-06	-3.33279178595206e-06
367.641	0.383	-0.425	3.77104866863529e-05	5.62364294669206e-06	-5.62364294669206e-06
368.310	0.343	-0.287	7.04195777355303e-05	1.05015693752267e-05	-1.05015693752267e-05
369.010	0.356	-0.357	6.27598640050184e-05	9.53803395864945e-06	-9.53803395864945e-06
369.753	0.290	-0.386	6.6910573902816e-05	9.97821494097435e-06	-9.97821494097435e-06
370.447	0.369	-0.405	4.56488190824067e-05	6.93738686506638e-06	-6.93738686506638e-06
371.165	0.283	-0.349	4.07636081308025e-05	6.31425680085758e-06	-6.31425680085758e-06
371.852	0.283	-0.404	3.62423710096882e-05	5.50773863563428e-06	-5.50773863563428e-06
372.452	0.318	-0.317	5.48195568659252e-05	8.17473300043398e-06	-8.17473300043398e-06
373.238	0.458	-0.468	5.72910840827973e-05	8.54318509643711e-06	-8.54318509643711e-06
374.109	0.360	-0.414	6.97849708771341e-05	1.0406224588501e-05	-1.0406224588501e-05
374.835	0.321	-0.366	7.75277812187353e-05	1.17817774335788e-05	-1.17817774335788e-05
375.452	0.318	-0.296	8.0947930429246e-05	1.23017147693996e-05	-1.23017147693996e-05
376.200	0.402	-0.43	5.4618866523491e-05	8.30062845038657e-06	-8.30062845038657e-06
377.056	0.424	-0.454	5.78734951308372e-05	8.69579718915333e-06	-8.69579718915333e-06
377.859	0.336	-0.379	7.96788690721425e-05	1.18827828715032e-05	-1.18827828715032e-05
378.506	0.385	-0.311	8.66763752510727e-05	1.29265857232517e-05	-1.29265857232517e-05
379.349	0.431	-0.459	7.18889733717339e-05	1.07209952611472e-05	-1.07209952611472e-05
380.165	0.422	-0.386	6.38035818345503e-05	9.88321873783611e-06	-9.88321873783611e-06
380.983	0.421	-0.396	4.9513883111754e-05	7.3834656471567e-06	-7.3834656471567e-06
381.871	0.430	-0.467	3.58734946419986e-05	5.34919555055181e-06	-5.34919555055181e-06
382.815	0.446	-0.515	2.7984094397996e-05	4.17262038088472e-06	-4.17262038088472e-06
383.643	0.399	-0.382	2.97477626390892e-05	4.43547545833918e-06	-4.43547545833918e-06
384.434	0.350	-0.392	3.44223536486633e-05	5.13242144923e-06	-5.13242144923e-06
385.231	0.537	-0.447	2.85597765133113e-05	4.33963183398888e-06	-4.33963183398888e-06
386.381	0.495	-0.613	2.63516586034014e-05	3.92905907026357e-06	-3.92905907026357e-06
387.352	0.467	-0.476	2.86092564714009e-05	4.29787009098704e-06	-4.29787009098704e-06
388.361	0.535	-0.542	2.27111058538112e-05	3.38624047548642e-06	-3.38624047548642e-06
389.412	0.629	-0.516	2.31175587585775e-05	3.72172232162149e-06	-3.72172232162149e-06
390.767	0.633	-0.725	2.44748537734722e-05	3.79072386711294e-06	-3.79072386711294e-06
392.076	0.633	-0.677	2.29034226719545e-05	3.48038058185932e-06	-3.48038058185932e-06
393.236	0.501	-0.527	1.95748974075703e-05	3.03198818453933e-06	-3.03198818453933e-06
394.431	0.621	-0.694	1.03191489954475e-05	1.59839427721647e-06	-1.59839427721647e-06
395.678	0.742	-0.626	1.14619916421086e-05	1.80998249921438e-06	-1.80998249921438e-06
396.872	0.683	-0.452	1.97376718022071e-05	3.11687870418025e-06	-3.11687870418025e-06
398.090	0.629	-0.535	2.90793689831934e-05	4.33667563418477e-06	-4.33667563418477e-06
399.395	0.626	-0.677	2.68233315631511e-05	4.07667889556352e-06	-4.07667889556352e-06
400.512	0.601	-0.492	3.30914759086868e-05	4.93513081052803e-06	-4.93513081052803e-06
401.908	0.785	-0.795	2.12471776764312e-05	3.29143260420386e-06	-3.29143260420386e-06
403.723	0.829	-1.03	1.60695391790599e-05	2.44231379822464e-06	-2.44231379822464e-06
405.374	0.870	-0.822	1.59885239966315e-05	2.42993454176411e-06	-2.42993454176411e-06
407.128	1.050	-0.884	1.42224754969095e-05	2.20309860788208e-06	-2.20309860788208e-06
409.143	1.218	-0.965	1.33263976113825e-05	2.02519920852054e-06	-2.02519920852054e-06
411.102	0.757	-0.741	1.74393170895599e-05	2.60046611819259e-06	-2.60046611819259e-06
412.674	0.808	-0.814	1.36863338350722e-05	2.04077479721634e-06	-2.04077479721634e-06
414.457	0.681	-0.976	1.10529238353005e-05	1.67957592743439e-06	-1.67957592743439e-06
416.075	0.940	-0.937	9.94568065594393e-06	1.51138958233114e-06	-1.51138958233114e-06
417.719	0.762	-0.704	1.30247153651464e-05	1.97940723693115e-06	-1.97940723693115e-06
419.305	1.064	-0.824	1.0450024905455e-05	1.55843200712542e-06	-1.55843200712542e-06
421.681	0.804	-1.313	1.00209721549947e-05	1.49442896761932e-06	-1.49442896761932e-06
423.638	0.859	-1.152	1.10429612636904e-05	1.67826274918391e-06	-1.67826274918391e-06
425.353	0.967	-0.856	1.23330002779891e-05	1.87430976984962e-06	-1.87430976984962e-06
427.283	0.852	-0.963	1.18191170541863e-05	1.76255420913656e-06	-1.76255420913656e-06
428.971	0.757	-0.837	1.27344575352761e-05	1.89902476444479e-06	-1.89902476444479e-06
431.077	1.223	-1.348	9.00691021005899e-06	1.34303824671181e-06	-1.34303824671181e-06
433.161	0.907	-0.862	1.67097390086368e-05	2.5390351394995e-06	-2.5390351394995e-06
435.124	0.949	-1.056	1.81300912835246e-05	2.70327948176036e-06	-2.70327948176036e-06
437.324	1.060	-1.251	9.80886934445126e-06	1.57930029041101e-06	-1.57930029041101e-06
439.418	1.053	-1.034	7.68717660213901e-06	1.19076979117861e-06	-1.19076979117861e-06
441.396	1.226	-0.925	6.63255376735946e-06	9.89029026252606e-07	-9.89029026252606e-07
443.255	0.691	-0.633	1.43202839289813e-05	2.17605490348843e-06	-2.17605490348843e-06
445.363	1.317	-1.418	9.56949448394444e-06	1.48217340741169e-06	-1.48217340741169e-06
447.762	1.169	-1.082	1.23307690148931e-05	1.87382400882649e-06	-1.87382400882649e-06
449.677	0.973	-0.746	1.32830802846157e-05	1.9807737322769e-06	-1.9807737322769e-06
451.388	0.801	-0.738	1.19845963424327e-05	1.89248491836977e-06	-1.89248491836977e-06
453.229	1.018	-1.041	1.15335935290591e-05	1.75278688762431e-06	-1.75278688762431e-06
454.976	0.648	-0.729	2.1815150168595e-05	3.25322624526164e-06	-3.25322624526164e-06
456.107	0.652	-0.483	2.68492462881463e-05	4.00397167198007e-06	-4.00397167198007e-06
457.360	0.840	-0.602	1.74308462939566e-05	2.5994458049916e-06	-2.5994458049916e-06
458.924	0.619	-0.724	1.44914283484154e-05	2.20236435688239e-06	-2.20236435688239e-06
460.251	0.618	-0.707	1.74259523573607e-05	2.59868214451864e-06	-2.59868214451864e-06
461.825	0.926	-0.956	1.45760548433309e-05	2.39343272150677e-06	-2.39343272150677e-06
463.575	0.672	-0.824	2.03352179323075e-05	3.03238279743792e-06	-3.03238279743792e-06
465.249	0.829	-1.002	1.27544483332265e-05	1.93819916219094e-06	-1.93819916219094e-06
466.700	1.018	-0.622	1.17376150044003e-05	1.75020884797899e-06	-1.75020884797899e-06
468.380	0.795	-0.662	1.32326669715712e-05	2.01076686450079e-06	-2.01076686450079e-06
469.968	0.933	-0.792	1.14434926850437e-05	1.73890789616555e-06	-1.73890789616555e-06
471.753	0.814	-0.852	1.29525900129812e-05	1.94597353996106e-06	-1.94597353996106e-06
473.335	0.653	-0.769	1.66764749531297e-05	2.4867398982176e-06	-2.4867398982176e-06
474.765	0.712	-0.777	1.72085349525938e-05	2.61510881945481e-06	-2.61510881945481e-06
476.105	0.608	-0.628	2.00771058583367e-05	2.99387108216029e-06	-2.99387108216029e-06
477.454	0.563	-0.741	1.70125724292893e-05	2.53689722041942e-06	-2.53689722041942e-06
478.742	0.859	-0.724	1.25895834487705e-05	1.87735023809191e-06	-1.87735023809191e-06
480.606	1.052	-1.005	1.0080937788674e-05	1.50327286863873e-06	-1.50327286863873e-06
482.463	0.743	-0.805	1.41222540686427e-05	2.14614276226054e-06	-2.14614276226054e-06
484.164	0.810	-0.959	1.35256427753102e-05	2.05548060996176e-06	-2.05548060996176e-06
485.978	0.947	-1.004	1.43154142345856e-05	2.21738659415075e-06	-2.21738659415075e-06
488.001	0.862	-1.075	1.76719786973943e-05	2.68551598893733e-06	-2.68551598893733e-06
489.836	0.938	-0.973	1.50015694213786e-05	2.23698215724057e-06	-2.23698215724057e-06
491.623	0.772	-0.849	1.27350220920944e-05	1.89901202425818e-06	-1.89901202425818e-06
493.672	1.283	-1.277	7.00713870741354e-06	1.10646789677e-06	-1.10646789677e-06
496.071	0.983	-1.117	1.08038789102194e-05	1.61107103421802e-06	-1.61107103421802e-06
498.233	1.161	-1.179	1.09800565620233e-05	1.6373573805936e-06	-1.6373573805936e-06
500.714	1.302	-1.321	8.63754685936515e-06	1.33794591357855e-06	-1.33794591357855e-06
502.922	0.891	-0.906	1.17220610298358e-05	1.78144535912064e-06	-1.78144535912064e-06
505.017	0.945	-1.204	1.05996737439789e-05	1.61084191037715e-06	-1.61084191037715e-06
506.860	0.887	-0.897	1.51184266463611e-05	2.34174280182218e-06	-2.34174280182218e-06
509.216	1.284	-1.47	1.22136062037756e-05	1.8559790759891e-06	-1.8559790759891e-06
512.043	1.582	-1.542	1.27006297814807e-05	1.96712922364556e-06	-1.96712922364556e-06
515.190	1.947	-1.565	1.40055818621162e-05	2.1282770166485e-06	-2.1282770166485e-06
518.303	1.433	-1.166	1.72574355453881e-05	2.67316740012119e-06	-2.67316740012119e-06
521.075	1.088	-1.338	1.84847735850406e-05	2.86322484862973e-06	-2.86322484862973e-06
NO NO NO NO NO NO
! xrtwtgamma
133.542	0.388	-0.564	0.958770862683578	0.202906104198862	-0.172129938161659
134.280	0.365	-0.35	0.940123687571083	0.147827971674038	-0.125418529879159
134.998	0.325	-0.353	0.922079952682467	0.110987147027279	-0.0941325791990957
135.664	0.339	-0.341	0.905428594759583	0.107285956854561	-0.0909081608329609
136.486	0.356	-0.484	0.884989265650917	0.144931553851813	-0.122747818716413
137.272	0.459	-0.429	0.831254860241096	0.112437723745976	-0.0953117444567508
138.081	0.347	-0.351	0.774330960782365	0.101671921820785	-0.0865115790931086
138.882	0.398	-0.454	0.718297601946228	0.125440731372095	-0.106983313747818
139.612	0.282	-0.332	0.777739103763493	0.113421749681324	-0.0966614756251417
140.162	0.351	-0.268	0.86762462422934	0.102790137788276	-0.0872589227287653
140.898	0.362	-0.385	0.987357552969706	0.125338862811258	-0.105902804029096
141.633	0.386	-0.373	1.0118108478739	0.13311252327912	-0.112324945308835
142.365	0.331	-0.345	0.879934565600612	0.116409026629097	-0.0969626534662267
143.027	0.300	-0.332	0.761252005020184	0.154867734453014	-0.128014030288789
143.647	0.330	-0.32	0.724830098257621	0.140898332496864	-0.116570451230024
144.504	0.384	-0.527	0.716268999165973	0.108593498994647	-0.0911546038140635
145.265	0.385	-0.378	0.708709356182158	0.124270895324403	-0.105762547319385
146.072	0.371	-0.421	0.702809110088871	0.116649905031504	-0.0993360667736067
146.806	0.370	-0.363	0.698554581150443	0.100499348587474	-0.0854296899166844
147.563	0.443	-0.388	0.69418896017597	0.11223736804623	-0.0951997602930347
148.406	0.353	-0.4	0.695048959666168	0.138424809952027	-0.117351941396858
149.173	0.447	-0.414	0.728546078110472	0.108913573790497	-0.0923972538992591
150.170	0.420	-0.55	0.77183144077898	0.105496307075573	-0.0897360486665594
150.961	0.376	-0.372	0.805969232095944	0.132173673626478	-0.112533058883379
151.788	0.351	-0.452	0.804552448361024	0.114535577836441	-0.0975169231741857
152.520	0.406	-0.381	0.791996341601496	0.100489237942539	-0.0855500258605574
153.368	0.424	-0.442	0.777525593766981	0.117826948401436	-0.100300334237315
154.304	0.429	-0.512	0.741089763808906	0.122221764513943	-0.103989954778021
155.042	0.315	-0.309	0.691317643368136	0.103792873666796	-0.0878826728648727
155.736	0.389	-0.378	0.644728643524739	0.114571336321026	-0.0964294560474648
156.587	0.467	-0.463	0.602716801049899	0.147454056899189	-0.123883641942233
157.446	0.394	-0.391	0.727147420371381	0.11109037632534	-0.0935094049440565
158.310	0.440	-0.471	0.851619377554279	0.112533431418561	-0.0951913331550666
159.189	0.431	-0.439	0.969171344050635	0.146740653846919	-0.124313548015723
159.982	0.359	-0.361	0.92042247161396	0.112453939288619	-0.0952770659983535
160.882	0.400	-0.541	0.865387775421604	0.107249598343907	-0.0909033249204276
161.830	0.442	-0.548	0.807749843467351	0.14287156365101	-0.121116516396857
162.644	0.438	-0.373	0.860010394525822	0.112075697459817	-0.0949809139319026
163.467	0.360	-0.384	0.918996861588258	0.106856727230721	-0.0904551850065802
164.418	0.411	-0.592	0.986788676648851	0.14264978040954	-0.120680134426048
165.226	0.401	-0.396	0.955437612327575	0.117049213883258	-0.0990852461701852
166.114	0.473	-0.488	0.902700338991358	0.104421362722273	-0.0887146538443528
166.932	0.351	-0.345	0.854369148907543	0.129638757369339	-0.110369401753347
167.810	0.464	-0.527	0.873139806872357	0.11721530856992	-0.0997175321386681
168.847	0.457	-0.573	0.931204245513804	0.107219530788939	-0.0906298921406826
169.847	0.477	-0.543	0.986860183907822	0.14159510441386	-0.119273747336284
170.684	0.408	-0.361	1.06328697532382	0.121440350336632	-0.102251831690679
171.506	0.357	-0.413	1.14990239157258	0.116399552392738	-0.097827259642845
172.361	0.500	-0.499	1.23955570969022	0.160537259406534	-0.13482016112901
173.482	0.691	-0.622	1.18158725817705	0.117290445933885	-0.098580202765157
174.747	0.477	-0.573	1.11102951537848	0.129167289142997	-0.108807581770942
175.822	0.535	-0.598	1.08666485988503	0.131028457227223	-0.110394173513449
176.864	0.485	-0.508	1.10230615450956	0.111159346422674	-0.0936252708427768
177.846	0.627	-0.497	1.11696268242676	0.140698678128065	-0.118478981040904
179.092	0.522	-0.618	1.2007682302661	0.117864039499474	-0.0990433550495635
180.117	0.519	-0.502	1.28810384070805	0.133691733525715	-0.111769301678208
181.074	0.419	-0.438	1.33836415358503	0.147009613364481	-0.122670238711252
182.124	0.549	-0.631	1.32573889175844	0.14233958466314	-0.116015567249469
183.215	0.543	-0.542	1.30117001446267	0.167807639458028	-0.136169522584347
184.263	0.482	-0.505	1.25423153746851	0.127226314308309	-0.105819306884022
185.220	0.448	-0.475	1.20643371482326	0.143661736365653	-0.120550247693192
186.079	0.465	-0.41	1.15196519257558	0.114639083648828	-0.0960862394691765
186.920	0.360	-0.376	1.09888108776054	0.147181140959325	-0.123238292987885
187.773	0.483	-0.492	1.16876700018175	0.126370472933828	-0.105726175139893
188.826	0.482	-0.571	1.30269226314127	0.132081643540753	-0.110038479082148
189.891	0.551	-0.582	1.35800461710808	0.148467450513211	-0.123638075101296
190.956	0.553	-0.515	1.27981160413796	0.116856829256313	-0.0978332957506484
192.160	0.700	-0.65	1.19340753879992	0.158241265164259	-0.133049640475944
193.406	0.504	-0.546	1.28572792831206	0.117671929224772	-0.0983712973613775
194.494	0.531	-0.584	1.36585643675285	0.150130618815384	-0.124684475568659
195.738	0.529	-0.713	1.41444810806697	0.130993362054548	-0.108831159799106
196.885	0.528	-0.618	1.43820159431666	0.141472519348779	-0.117868958561362
197.968	0.515	-0.556	1.44374847778921	0.139316510683118	-0.1161263538471
199.067	0.553	-0.584	1.43229711222731	0.130419023743654	-0.108906521450079
200.148	0.600	-0.528	1.45700750605726	0.146987754260202	-0.122766608277514
201.299	0.570	-0.55	1.55408308742198	0.128979435033553	-0.107339006700711
202.533	0.568	-0.664	1.61891591273038	0.157149291344578	-0.130597873809801
203.556	0.413	-0.455	1.5702343248228	0.132094311195728	-0.109367668217995
204.530	0.669	-0.562	1.52373630226452	0.173446464307445	-0.14339254055051
205.704	0.608	-0.504	1.46515828517687	0.12593494818813	-0.104499979297819
206.876	0.593	-0.564	1.40806736539079	0.170362687593263	-0.141796517804538
208.089	0.633	-0.621	1.37657964373273	0.121092222665231	-0.101029461107498
209.235	0.642	-0.512	1.34699931366421	0.149532796927096	-0.125169610980068
210.447	0.520	-0.57	1.44055095077175	0.124386275770229	-0.103877578229153
211.509	0.515	-0.541	1.56050943430686	0.150696897542446	-0.125160760040988
212.536	0.365	-0.512	1.57221516106383	0.141799625956477	-0.117683733721015
213.603	0.685	-0.701	1.50872947500062	0.138039990061243	-0.11422353785137
215.137	0.868	-0.849	1.55869954450094	0.141802936860372	-0.117346208082715
216.634	0.552	-0.629	1.72941527889102	0.144562656416568	-0.120188802232216
217.993	0.810	-0.808	1.76222671338532	0.146693174687366	-0.121977603866279
219.477	0.525	-0.674	1.63832472939798	0.146313223673832	-0.121140027495766
220.656	0.517	-0.654	1.56574998749245	0.147109380659986	-0.121788368298566
221.822	0.631	-0.65	1.52425311568248	0.13520957277428	-0.112355146113078
223.081	0.640	-0.627	1.49683802052667	0.140772115094536	-0.117048688928452
224.199	0.548	-0.478	1.49182736266654	0.134542955623498	-0.111736557667662
225.340	0.568	-0.594	1.44472905931577	0.152070325222135	-0.126297531999228
226.477	0.686	-0.568	1.32442560566628	0.119246969140608	-0.0996382394725332
227.831	0.532	-0.668	1.22853798200379	0.148515018019796	-0.124548920807106
228.896	0.623	-0.534	1.37478621052833	0.136176155171167	-0.110985211928246
230.059	0.598	-0.541	1.51947897137255	0.202424230779025	-0.16294345821092
231.531	0.758	-0.873	1.51471690021261	0.140119600532013	-0.114782053180693
232.862	0.624	-0.573	1.51157060308561	0.156473239030137	-0.129172150011733
234.315	0.659	-0.829	1.51080460135355	0.136317208932624	-0.113479688996784
235.282	0.285	-0.309	1.51163254271107	0.141354195648186	-0.117621611316212
235.818	0.373	-0.25	1.51395008188673	0.141181132802827	-0.115886318968315
236.454	0.291	-0.264	1.52562722942726	0.158448745317055	-0.129738555212492
237.037	0.269	-0.292	1.55114258982526	0.141650751147051	-0.117250718210094
237.642	0.313	-0.336	1.54343699705666	0.144100535038155	-0.119506233538533
238.243	0.378	-0.288	1.50161519784315	0.136908343325848	-0.113607497712049
238.966	0.328	-0.345	1.4814655023547	0.139648935327218	-0.115907506820064
239.676	0.292	-0.383	1.49191813037085	0.141722114787704	-0.117730650820756
240.259	0.301	-0.292	1.56331566282252	0.144685124361786	-0.120143728131757
240.868	0.363	-0.308	1.71859135262063	0.14390298196113	-0.11889164963142
241.515	0.295	-0.285	1.71113239697917	0.154905010845611	-0.127943919177615
242.070	0.260	-0.259	1.5187364242856	0.12758207842949	-0.106031372144636
242.649	0.314	-0.319	1.3290920376075	0.167860146502281	-0.140002995266245
243.290	0.316	-0.327	1.37941865108232	0.122242818656535	-0.10195208014617
243.912	0.248	-0.307	1.42812692500347	0.149265665472277	-0.124482158521556
244.475	0.321	-0.314	1.42279896834704	0.139544317309415	-0.116384293575964
245.155	0.307	-0.359	1.37530230751157	0.12877837754339	-0.107493518771092
245.810	0.324	-0.349	1.33529157597017	0.149014137734055	-0.124423482593332
246.445	0.289	-0.311	1.31021084931167	0.11861290550239	-0.0993696294886807
247.007	0.235	-0.274	1.28806726731051	0.161489121247241	-0.135533819874002
247.547	0.252	-0.305	1.43188830885135	0.144523268539065	-0.116327024325758
248.082	0.281	-0.283	1.53691055746469	0.21528851276185	-0.170405700580052
248.660	0.272	-0.297	1.35151767100835	0.14178656240117	-0.115754495180794
249.252	0.363	-0.32	1.22197647073828	0.146687203588225	-0.12119523743968
249.944	0.327	-0.328	1.15546875023617	0.144027343687461	-0.118184075615051
250.580	0.329	-0.31	1.27385168446604	0.147054162113521	-0.120705549529944
251.208	0.329	-0.299	1.58979830893676	0.142361010778237	-0.118113137518171
251.854	0.235	-0.317	1.7433522989267	0.142219702798797	-0.117286774595699
252.354	0.253	-0.265	1.71534075887669	0.183685661944247	-0.147768456596171
252.850	0.277	-0.244	1.68923432603933	0.163269712182869	-0.131691959450682
253.400	0.363	-0.272	1.66118751037299	0.143051060433973	-0.118594434759162
254.036	0.273	-0.273	1.63839404939018	0.142712150757051	-0.118874618403927
254.585	0.239	-0.277	1.62650759990954	0.132078141350637	-0.109521240962484
255.119	0.235	-0.294	1.6149704828996	0.1824192657899	-0.150988523805111
255.677	0.344	-0.323	1.58372884236586	0.146334376862753	-0.118060762078947
256.331	0.321	-0.311	1.54518261353137	0.21302486194091	-0.168713322856239
256.915	0.281	-0.263	1.49927771281446	0.163607228419512	-0.130457214406987
257.497	0.210	-0.3	1.53627019763679	0.179847443387496	-0.143804637724242
258.005	0.245	-0.298	1.67798221958611	0.157337570136227	-0.126834459301334
258.514	0.260	-0.264	1.78667050595933	0.196182085864596	-0.158612878271084
259.157	0.358	-0.382	1.74669765384062	0.145909165203766	-0.118970007445185
259.881	0.251	-0.367	1.68393443865184	0.162953236563709	-0.133124657002317
260.472	0.278	-0.34	1.60451281161667	0.167750199464727	-0.134099759277675
261.104	0.394	-0.355	1.64308418990262	0.184983509669919	-0.147505910208046
261.778	0.258	-0.28	1.85134734949207	0.160481272634375	-0.129599802750162
262.348	0.317	-0.312	2.009332069019	0.20341680377598	-0.164904917194113
262.978	0.278	-0.312	2.06873851880413	0.148070778352861	-0.120816946213091
263.597	0.310	-0.341	2.12696926427332	0.161206620578474	-0.133175987761111
264.225	0.268	-0.318	2.11975790165975	0.161609604753459	-0.133596675965814
264.760	0.254	-0.268	2.04716712551425	0.143402346547899	-0.117666290681351
265.286	0.436	-0.272	1.97594036502262	0.189164591429028	-0.15451709898549
266.060	0.336	-0.338	1.85853131608892	0.148421353698927	-0.120578132263231
266.666	0.260	-0.27	1.76499969454558	0.187321456831533	-0.151091696004018
267.303	0.407	-0.376	1.76983281817899	0.166586180601337	-0.13445436599459
268.091	0.382	-0.382	1.8327154713018	0.164282816046147	-0.133457534620632
268.814	0.331	-0.341	1.79783071331311	0.168696997175009	-0.136935517324491
269.413	0.248	-0.268	1.65929784067805	0.166207351407158	-0.132961078937597
269.911	0.330	-0.25	1.58563628760484	0.207458260566017	-0.165467824758247
270.512	0.268	-0.271	1.731995892349	0.155360745205462	-0.124887846137224
271.069	0.296	-0.289	1.85868405784151	0.212322215880436	-0.171548592675068
271.697	0.336	-0.331	1.70896366986903	0.154210968809262	-0.123874618783762
272.292	0.333	-0.259	1.56742967597989	0.20539868370596	-0.163951220765207
272.926	0.330	-0.301	1.58870843434244	0.158020678526824	-0.126287919742762
273.575	0.263	-0.319	1.64293456657549	0.203601219370028	-0.163124067271549
274.141	0.313	-0.302	1.71348185859842	0.164267746806784	-0.132102341833497
274.804	0.373	-0.35	1.80158720030097	0.151126577838576	-0.124138717869895
275.482	0.269	-0.306	1.82060240631551	0.16439699103579	-0.135493204106076
276.018	0.322	-0.267	1.73078096261107	0.14756150771198	-0.119439661083106
276.596	0.250	-0.257	1.63411652353696	0.205643604644776	-0.164549321063087
277.109	0.303	-0.263	1.59685760759736	0.163074452819275	-0.130345913065289
277.767	0.333	-0.354	1.56343314180935	0.201635601803788	-0.160651321045433
278.441	0.240	-0.341	1.60122852521116	0.160719592302739	-0.128308271394747
279.106	0.353	-0.425	1.6545738447087	0.191284639011439	-0.153472811392831
279.844	0.319	-0.386	1.81149002073793	0.158772768621888	-0.12800415809872
280.507	0.280	-0.344	1.98276964473455	0.161974460578508	-0.132796141969186
281.065	0.228	-0.277	2.0286509404429	0.178562789514316	-0.14664838798833
281.608	0.363	-0.315	1.8857831108694	0.148948787566289	-0.120827599743901
282.382	0.420	-0.411	1.68261273304245	0.212599620494907	-0.170016950519023
283.101	0.389	-0.3	1.63359868211574	0.158860298790428	-0.126919078211998
283.857	0.394	-0.367	1.5977150724207	0.206336277914324	-0.164582368833757
284.518	0.341	-0.266	1.75214875336503	0.168197590192116	-0.13469027285666
285.271	0.399	-0.413	1.97308565777633	0.153673825552029	-0.125834094602086
286.177	0.356	-0.507	2.01989495223712	0.168113371611183	-0.138277652410013
287.002	0.314	-0.47	1.71100759773385	0.157293506484938	-0.126233258264015
287.633	0.277	-0.316	1.47535425187389	0.214182846668066	-0.170534579304975
288.191	0.366	-0.282	1.60171706589639	0.165492971323293	-0.132209983183247
288.941	0.367	-0.384	1.82931564520957	0.172265784725391	-0.139852591678349
289.737	0.311	-0.429	1.97944062121873	0.162917641976147	-0.132602441990382
290.401	0.346	-0.353	2.05242896747768	0.149101256926072	-0.122151687648149
291.051	0.254	-0.304	2.12371693568136	0.201107126010134	-0.165201436665961
291.686	0.370	-0.38	2.15596443427003	0.154209112977132	-0.126814036306276
292.439	0.400	-0.383	2.19376347849137	0.143528823406901	-0.118611149085555
293.269	0.458	-0.43	2.23392111750507	0.193548137044798	-0.160298612984494
294.255	0.376	-0.528	2.19165081143245	0.144082914998284	-0.11904971560135
295.135	0.446	-0.504	2.15404422503959	0.151324920612614	-0.124383500285536
296.255	0.500	-0.674	2.1347085615127	0.18582933525234	-0.152526280950971
297.179	0.415	-0.423	2.20493969611297	0.142618173027378	-0.1175253495411
298.053	0.414	-0.459	2.27116977328611	0.150308150444502	-0.124741248947372
298.923	0.490	-0.456	2.32477608924363	0.184570991501659	-0.153433108082533
299.913	0.356	-0.5	2.29039290179855	0.14029447958407	-0.116371421799563
300.697	0.451	-0.428	2.26324462953756	0.147139658573158	-0.121601882116119
301.697	0.474	-0.549	2.21491881506691	0.192902405029896	-0.159201001862546
302.638	0.390	-0.467	1.97342696553047	0.146915014615912	-0.119699714030043
303.474	0.385	-0.446	1.75951064454281	0.186308311429643	-0.149632102874184
304.154	0.293	-0.294	1.55618788067458	0.180922315841758	-0.145375999016574
304.751	0.350	-0.305	1.35021136347981	0.131566255604428	-0.107636004609887
305.373	0.242	-0.272	1.13603812345358	0.131776495496623	-0.111382492858323
305.968	0.334	-0.353	1.10671350396729	0.124554316996441	-0.104848400406586
306.578	0.254	-0.276	1.2257325706045	0.146375374962133	-0.11865304891071
307.168	0.264	-0.336	1.2785312413484	0.183906855179651	-0.148233510246737
307.685	0.263	-0.253	1.13234678482277	0.123612703520673	-0.101806388049854
308.229	0.257	-0.282	0.978792908186141	0.145607658866861	-0.12357194534245
308.756	0.286	-0.269	1.0768282102306	0.11247317957578	-0.0948053455533221
309.339	0.240	-0.297	1.19197749032979	0.141986826407592	-0.118153045067904
309.843	0.240	-0.264	1.20797190934566	0.140792752682281	-0.117163557317377
310.335	0.249	-0.253	1.13193890480885	0.114734048275309	-0.0966001456752879
310.855	0.247	-0.27	1.09593332872073	0.139148051934563	-0.117715885696495
311.334	0.274	-0.232	1.24971451377373	0.130323433870286	-0.106733518578949
311.884	0.290	-0.276	1.40433315734504	0.195734818859618	-0.158043382838304
312.471	0.280	-0.298	1.34781595703016	0.127987366731495	-0.105480297007453
313.024	0.288	-0.273	1.30561651989639	0.153167382470142	-0.128452783703886
313.612	0.278	-0.301	1.33851673026687	0.138507353871218	-0.112623334775976
314.255	0.283	-0.365	1.3506636709686	0.183752169238059	-0.147852725496819
314.859	0.239	-0.322	1.28614781384653	0.127572700744747	-0.105905340285044
315.372	0.256	-0.274	1.25968085973338	0.143819006201089	-0.121041990018216
315.887	0.259	-0.259	1.3210550068961	0.118204652572719	-0.0990281842192834
316.408	0.288	-0.262	1.37722535359891	0.164288628560737	-0.1372915411826
316.945	0.267	-0.249	1.34033275375871	0.118020530508838	-0.0987067263346504
317.478	0.236	-0.266	1.30377671783376	0.156014446170273	-0.130604618017492
318.003	0.270	-0.29	1.30942812320107	0.120323420832021	-0.100753234609236
318.575	0.246	-0.302	1.32186131786791	0.141601144948846	-0.118650557868066
319.106	0.294	-0.285	1.34462332731898	0.131606634508765	-0.110123267296627
319.753	0.316	-0.353	1.38050737530908	0.140063044989256	-0.116084020560018
320.365	0.273	-0.296	1.43219162120915	0.141610667720226	-0.117250451948816
320.944	0.292	-0.306	1.49993493637907	0.141661543476667	-0.117349398870196
321.511	0.251	-0.275	1.45488765336232	0.143907828784157	-0.119181143449415
321.991	0.280	-0.229	1.30327830607287	0.135315783174192	-0.111776700966389
322.594	0.247	-0.322	1.20558337751625	0.138595950206886	-0.11441200435651
323.102	0.246	-0.261	1.21200255297149	0.141040142461767	-0.116371967745462
323.611	0.240	-0.263	1.25110229798726	0.144702526311532	-0.119443990451089
324.172	0.261	-0.321	1.33445885269623	0.137605014638791	-0.114205919252517
324.687	0.266	-0.254	1.38190299936659	0.147071586767041	-0.122186205274287
325.246	0.280	-0.293	1.3950166039964	0.123575710953508	-0.1030513721446
325.800	0.313	-0.274	1.41334940895143	0.164688820297368	-0.137583188261047
326.437	0.354	-0.324	1.51797605845077	0.122775754760561	-0.102387348665729
327.121	0.336	-0.331	1.6300953395671	0.172980362497444	-0.143989107885152
327.755	0.311	-0.297	1.61843992453583	0.127191786534094	-0.105701454685015
328.359	0.330	-0.293	1.59936746085678	0.167479458816368	-0.138873451944861
328.996	0.247	-0.308	1.66139799669526	0.126671453735998	-0.105437652606102
329.526	0.334	-0.282	1.72517904604526	0.152910243549615	-0.128099436171083
330.127	0.249	-0.267	1.60780110262759	0.127129177681444	-0.106459867625456
330.668	0.316	-0.293	1.44098556485779	0.13812377568707	-0.115433346926652
331.256	0.333	-0.272	1.41718873696145	0.136899631578002	-0.113415250466512
331.930	0.310	-0.341	1.54072238319031	0.190504024203071	-0.152335976700383
332.493	0.252	-0.253	1.55259193441161	0.158959809173699	-0.127722535517039
333.087	0.359	-0.342	1.52389017159298	0.151075366474471	-0.125323727701608
333.770	0.313	-0.324	1.53685270073747	0.132462417120876	-0.109798330948501
334.353	0.278	-0.27	1.56456849864621	0.154565889491927	-0.127052615468088
334.919	0.319	-0.288	1.57427809898251	0.1543864770078	-0.126903909120545
335.543	0.347	-0.306	1.56497267655694	0.138242542686615	-0.114659053891546
336.215	0.366	-0.324	1.62005911649995	0.143107264190512	-0.11886528088472
336.845	0.299	-0.264	1.746743463935	0.146300291876456	-0.121104586569105
337.457	0.340	-0.314	1.66758855998805	0.154678510849705	-0.127940399512025
338.094	0.274	-0.296	1.34276394145497	0.13364573387535	-0.110041279593101
338.660	0.237	-0.293	1.10008556639564	0.174799121024979	-0.143676946680248
339.103	0.344	-0.206	1.3319755418673	0.139370923524836	-0.113934696734775
339.738	0.330	-0.291	1.66384083091533	0.176734876666578	-0.142643782867019
340.343	0.323	-0.275	1.83839683121245	0.172387415748011	-0.139123515723728
340.969	0.241	-0.304	1.89878242650407	0.156802266784982	-0.127330833473376
341.585	0.301	-0.375	1.90922947957764	0.189680081947646	-0.154258608350993
342.249	0.294	-0.362	1.73474343237623	0.158317666378007	-0.126761137744342
342.801	0.271	-0.259	1.58994626050633	0.223471902878976	-0.177677339511486
343.429	0.302	-0.356	1.69901058983717	0.155992968171686	-0.12497811414073
344.070	0.306	-0.338	1.81835744518773	0.195944890264653	-0.158952981121283
344.686	0.292	-0.311	1.84177403791521	0.150962499002845	-0.122520486038836
345.307	0.363	-0.329	1.84923437189545	0.184953529082499	-0.150221023239967
346.078	0.324	-0.407	1.67186847124237	0.151927053210167	-0.122378965813943
346.678	0.252	-0.277	1.49551681156858	0.20102897362886	-0.160231439033518
347.247	0.477	-0.317	1.49376944207973	0.171317875966223	-0.136481339009483
348.136	0.442	-0.412	1.56511721186932	0.193755858963572	-0.154061851114239
348.999	0.358	-0.422	1.69289097008047	0.160734623372238	-0.128488272760414
349.618	0.258	-0.261	1.80159295696987	0.171481909152753	-0.138944001024788
350.294	0.362	-0.418	1.88181002620124	0.171381677442464	-0.139102549637543
350.964	0.281	-0.308	1.92142592906511	0.155563146006289	-0.126307012018889
351.553	0.311	-0.308	1.9499761205678	0.206015703018699	-0.167289129436104
352.153	0.362	-0.289	1.89220572840867	0.152462700615932	-0.12351038131311
352.849	0.319	-0.334	1.82531525869199	0.189478342033126	-0.152832964242563
353.503	0.302	-0.335	1.79195649934418	0.163281998715322	-0.131699712393483
354.114	0.474	-0.309	1.77275282609367	0.16452195704826	-0.132768057963827
354.890	0.228	-0.303	1.77833226053115	0.170541066569556	-0.137660698861391
355.407	0.293	-0.289	1.80718979407569	0.154335278433472	-0.124705195713677
356.048	0.324	-0.348	1.83084069046815	0.204165488127262	-0.165049732596996
356.765	0.334	-0.393	1.75065885568547	0.152526727824955	-0.122876623427061
357.505	0.317	-0.406	1.66807374318809	0.211640589925274	-0.169932857961604
358.184	0.372	-0.363	1.63354303378263	0.160023124879847	-0.128124644058428
359.102	0.435	-0.545	1.59080688867654	0.210794722883	-0.167606497838432
359.963	0.354	-0.426	1.71099817080856	0.157363216151586	-0.126036515019147
360.671	0.334	-0.355	1.83092509461542	0.176370056458226	-0.143340656625108
361.455	0.443	-0.45	1.80324205719793	0.163590474311233	-0.132785516729131
362.332	0.416	-0.435	1.66079772281644	0.173328971090228	-0.138658370369134
363.149	0.321	-0.401	1.62281408192662	0.178293182590797	-0.142491659381212
363.881	0.381	-0.41	1.70216505892336	0.163207117187226	-0.131537918269602
364.568	0.266	-0.305	1.81302656403988	0.190579701897337	-0.153940860210779
365.168	0.304	-0.335	1.97872901786652	0.147676010222938	-0.120269572252612
365.957	0.402	-0.485	2.19621381346402	0.164367246150593	-0.136248570699962
366.814	0.401	-0.454	2.13546504911583	0.153591734775295	-0.127021807671318
367.641	0.383	-0.425	1.90067638561353	0.154743348592559	-0.12542863335333
368.310	0.343	-0.287	1.71113067538798	0.208371225833207	-0.167963856078005
369.010	0.356	-0.357	1.69920910403767	0.154353475676645	-0.124133543411918
369.753	0.290	-0.386	1.70142810304633	0.200816353468625	-0.160864107432857
370.447	0.369	-0.405	1.82146024245998	0.163061166012505	-0.131095166556964
371.165	0.283	-0.349	1.97704983861858	0.162499029710694	-0.132707352869099
371.852	0.283	-0.404	2.00124214799747	0.177065392969102	-0.144855489671043
372.452	0.318	-0.317	1.83376496387136	0.150737044680914	-0.121778174345735
373.238	0.458	-0.468	1.61477760457335	0.216081938227044	-0.172671347712869
374.109	0.360	-0.414	1.60534114481432	0.158042114187551	-0.125991170070391
374.835	0.321	-0.366	1.60560473093337	0.220611202396719	-0.175541329187517
375.452	0.318	-0.296	1.64321718439097	0.162052544499749	-0.129188473675435
376.200	0.402	-0.43	1.69137343148783	0.197829933178666	-0.158445965586576
377.056	0.424	-0.454	1.6433164713381	0.15808837864755	-0.126432163017602
377.859	0.336	-0.379	1.57562091001934	0.205357230535238	-0.163785789231771
378.506	0.385	-0.311	1.54436063509002	0.166473394525125	-0.132716334076396
379.349	0.431	-0.459	1.5115165911297	0.195080148072312	-0.155271286893995
380.165	0.422	-0.386	1.61249319416407	0.164544481534195	-0.131408896443466
380.983	0.421	-0.396	1.75954807507931	0.169553573145636	-0.137327732267857
381.871	0.430	-0.467	1.88057445842648	0.170670732837134	-0.138570818317705
382.815	0.446	-0.515	1.97197562737633	0.149270637383407	-0.122183859127169
383.643	0.399	-0.382	2.04636122227067	0.197910225091033	-0.162482292046646
384.434	0.350	-0.392	1.99972642603085	0.148107242556515	-0.121334466758629
385.231	0.537	-0.447	1.95283483746293	0.159861011083934	-0.130314016919596
386.381	0.495	-0.613	1.94059163213603	0.169833016849954	-0.138307224212767
387.352	0.467	-0.476	1.98478248903651	0.149733765354499	-0.12193962600347
388.361	0.535	-0.542	2.03058554201054	0.204829454758488	-0.166808743134129
389.412	0.629	-0.516	1.95947322843846	0.158053803988807	-0.128356218108271
390.767	0.633	-0.725	1.8588255042171	0.177240087732192	-0.142541816791602
392.076	0.633	-0.677	1.91517127022541	0.181329619810506	-0.145857945239491
393.236	0.501	-0.527	2.10539859258082	0.150110413654366	-0.122140260541191
394.431	0.621	-0.694	2.30077963000752	0.186842139721097	-0.153494169956038
395.678	0.742	-0.626	2.21527525308561	0.160652850736407	-0.131758231452212
396.872	0.683	-0.452	2.03634456396645	0.153421132087755	-0.124643642854189
398.090	0.629	-0.535	1.85437108072789	0.207882182769372	-0.168209298890366
399.395	0.626	-0.677	1.83095046142942	0.152610103239124	-0.123464604078618
400.512	0.601	-0.492	1.8206332680864	0.173808696616374	-0.140573702442524
401.908	0.785	-0.795	1.84382105511673	0.176064292989981	-0.142442793604398
403.723	0.829	-1.03	1.91131170589833	0.154445246902865	-0.125532550536574
405.374	0.870	-0.822	1.96222711401878	0.199540139482487	-0.162436876478708
407.128	1.050	-0.884	1.94377326934228	0.149768325415743	-0.121804377686533
409.143	1.218	-0.965	1.92267131878546	0.183221413917779	-0.148766107117918
411.102	0.757	-0.741	1.98345959047589	0.160848635612176	-0.130843320292375
412.674	0.808	-0.814	2.06462392777784	0.146874447399719	-0.120574525459039
414.457	0.681	-0.976	2.15391641713974	0.196587045377458	-0.16210453639941
416.075	0.940	-0.937	2.14478570049117	0.147258812379924	-0.121398467801535
417.719	0.762	-0.704	2.13554455559956	0.148980334427342	-0.12273008833816
419.305	1.064	-0.824	2.1266638400204	0.198597762454066	-0.163568996159517
421.681	0.804	-1.313	2.09062242681892	0.142567497254784	-0.11721585058955
423.638	0.859	-1.152	2.0610494819958	0.167048185397271	-0.137001668743721
425.353	0.967	-0.856	2.05463635549614	0.178692765232868	-0.146528578872035
427.283	0.852	-0.963	2.08411211933392	0.141718971849602	-0.116473979403207
428.971	0.757	-0.837	2.10978301813037	0.169164752327297	-0.139331645851597
431.077	1.223	-1.348	2.04270303590626	0.15914166160418	-0.130701479404793
433.161	0.907	-0.862	1.91169460579738	0.159678178680395	-0.128746863396642
435.124	0.949	-1.056	1.81354466783948	0.2150306914392	-0.172496950678749
437.324	1.060	-1.251	2.021401021558	0.152956451238869	-0.123846836597843
439.418	1.053	-1.034	2.21827347154863	0.158490509054646	-0.131029698212526
441.396	1.226	-0.925	2.29135594882667	0.174371155225309	-0.144543350777365
443.255	0.691	-0.633	2.14459811574646	0.146188890260727	-0.119607585310841
445.363	1.317	-1.418	1.97892595005382	0.182669939493378	-0.147026171876363
447.762	1.169	-1.082	1.95756247046976	0.172116192199502	-0.138577173833597
449.677	0.973	-0.746	2.05309221530565	0.155634866860956	-0.12666193036916
451.388	0.801	-0.738	2.13810192435266	0.206061770784573	-0.168389867209256
453.229	1.018	-1.041	2.0259216094705	0.14888582831094	-0.121430950702314
454.976	0.648	-0.729	1.91484547182114	0.178739692812275	-0.145298847627008
456.107	0.652	-0.483	1.90761979908603	0.183094730983017	-0.148839280069845
457.360	0.840	-0.602	2.00480964357354	0.146208169951527	-0.119322111694021
458.924	0.619	-0.724	2.12574950701452	0.195151254258785	-0.159950305307541
460.251	0.618	-0.707	2.04625865553908	0.159424120130894	-0.129550746326459
461.825	0.926	-0.956	1.92212614851956	0.187106656523883	-0.148029712798666
463.575	0.672	-0.824	1.90728269447907	0.196454897158615	-0.155221102666327
465.249	0.829	-1.002	2.03352119937164	0.157235306954701	-0.127403601540214
466.700	1.018	-0.622	2.13803607621194	0.20199086795769	-0.165559491186484
468.380	0.795	-0.662	2.13031828292563	0.147946303175867	-0.121307220441208
469.968	0.933	-0.792	2.12304853852861	0.158674352902141	-0.130207927619171
471.753	0.814	-0.852	2.09840426837801	0.175239516035165	-0.143807588008442
473.335	0.653	-0.769	2.04743892361969	0.144262385165501	-0.118148598099101
474.765	0.712	-0.777	2.00151673789731	0.183124803893188	-0.149753496401447
476.105	0.608	-0.628	2.02434658751825	0.162713159787131	-0.133150780342721
477.454	0.563	-0.741	2.08012258258498	0.143586870974987	-0.118097506956712
478.742	0.859	-0.724	2.13322959374746	0.184365644126917	-0.152072776048954
480.606	1.052	-1.005	2.1087275997392	0.148479646325583	-0.122302729425289
482.463	0.743	-0.805	2.06767747374081	0.155458412241487	-0.127450676272895
484.164	0.810	-0.959	2.02270412672427	0.191172249698164	-0.156565814500986
485.978	0.947	-1.004	1.93585944557676	0.148559796892445	-0.120775435934847
488.001	0.862	-1.075	1.8393904721453	0.194123874983164	-0.156338027457956
489.836	0.938	-0.973	1.93564555004169	0.167202174366089	-0.134151761767238
491.623	0.772	-0.849	2.10125433312622	0.192919017491667	-0.153031064354306
493.672	1.283	-1.277	2.15082468646076	0.19942587346348	-0.158210261781959
496.071	0.983	-1.117	2.05649479559577	0.160358858406494	-0.129779114777989
498.233	1.161	-1.179	1.99502300853688	0.194205905003904	-0.158348011787662
500.714	1.302	-1.321	2.04334948127967	0.145354381494831	-0.118823278501388
502.922	0.891	-0.906	2.08615733230011	0.174355681844537	-0.142962321714109
505.017	0.945	-1.204	2.04624469730248	0.165399897673052	-0.134492480502555
506.860	0.887	-0.897	1.95350936816523	0.185401199738919	-0.144984040889894
509.216	1.284	-1.47	1.84836912610392	0.226531837388587	-0.175798654722165
512.043	1.582	-1.542	1.75384453920067	0.17115537165088	-0.13575670636375
515.190	1.947	-1.565	1.64923220175918	0.277399172093422	-0.221592988348994
518.303	1.433	-1.166	1.69014315879377	0.2220418305062	-0.177604749415449
521.075	1.088	-1.338	1.69014315879377	0.2220418305062	-0.177604749415449
NO NO NO NO NO NO
! xrtpcflux
3811.680	10.665	-19.423	2.69252807780818e-06	6.06790203571388e-07	-6.06790203571388e-07
3851.654	20.837	-29.309	1.22542454510347e-06	2.75298833065523e-07	-2.75298833065523e-07
3912.920	29.776	-40.429	5.64622236688494e-07	1.27443525064897e-07	-1.27443525064897e-07
3962.399	17.907	-19.703	8.38003174566773e-07	1.79424644877974e-07	-1.79424644877974e-07
3999.835	25.602	-19.53	6.4430084049999e-07	1.44972729106882e-07	-1.44972729106882e-07
4053.127	17.441	-27.691	6.28090609850837e-07	1.40883944129104e-07	-1.40883944129104e-07
4087.857	20.321	-17.289	7.99575778879532e-07	1.79910799403091e-07	-1.79910799403091e-07
4132.927	27.905	-24.749	8.28641295868643e-07	1.8190303549725e-07	-1.8190303549725e-07
4195.146	25.861	-34.315	1.09067620078777e-06	2.45410633980513e-07	-2.45410633980513e-07
4243.808	22.331	-22.801	2.07457124957405e-06	4.64611679774399e-07	-4.64611679774399e-07
4299.707	34.127	-33.568	2.05003987388678e-06	3.69683005743742e-07	-3.69683005743742e-07
5649.773	18.251	-29.388	3.04402286583538e-07	6.54743275185047e-08	-6.54743275185047e-08
5689.071	19.071	-21.047	3.35035150938187e-07	7.51584045990981e-08	-7.51584045990981e-08
5732.065	23.716	-23.923	4.4865121442577e-07	9.88136425729578e-08	-9.88136425729578e-08
5769.567	11.286	-13.787	1.21416951634778e-06	2.71934805140265e-07	-2.71934805140265e-07
5799.768	21.203	-18.914	8.83154820839484e-07	1.94210585140447e-07	-1.94210585140447e-07
5836.611	9.433	-15.64	1.55868275577932e-06	3.25921350801726e-07	-3.25921350801726e-07
5869.606	21.569	-23.563	6.9751262618541e-07	1.53149994938635e-07	-1.53149994938635e-07
5916.009	15.283	-24.834	6.21940728880096e-07	1.32987968380469e-07	-1.32987968380469e-07
5947.462	16.425	-16.17	7.55783250965567e-07	1.65944213280439e-07	-1.65944213280439e-07
5978.674	15.301	-14.787	1.02992827062112e-06	2.3029891077644e-07	-2.3029891077644e-07
6015.635	18.457	-21.66	9.14728030346593e-07	1.99916888751017e-07	-1.99916888751017e-07
6050.759	15.928	-16.667	7.41476565971531e-07	1.66066910900792e-07	-1.66066910900792e-07
6082.476	21.821	-15.788	4.67252935751845e-07	1.05501024172093e-07	-1.05501024172093e-07
6120.335	24.079	-16.038	4.58334466303791e-07	1.02818110582871e-07	-1.02818110582871e-07
6169.698	22.355	-25.284	4.99173830515031e-07	1.07368017583089e-07	-1.07368017583089e-07
6205.598	16.543	-13.545	8.42094649785127e-07	1.84610084916602e-07	-1.84610084916602e-07
6241.055	26.214	-18.914	5.52214482749735e-07	1.2162302914129e-07	-1.2162302914129e-07
29058.826	3630.818	-2228.948	1.89302157922504e-07	3.81920993969564e-08	-3.81920993969564e-08
34031.004	110.651	-122.528	6.00124213875629e-08	1.570998159394e-08	-1.570998159394e-08
34283.539	146.454	-141.884	7.34918544935473e-08	1.54620201776695e-08	-1.54620201776695e-08
38333.299	59.562	-55.775	1.17500629951695e-07	2.64645677888141e-08	-2.64645677888141e-08
38465.293	123.138	-72.433	7.2772503067349e-08	1.64901759028144e-08	-1.64901759028144e-08
38654.846	68.980	-66.415	1.56997536494293e-07	3.53604300393276e-08	-3.53604300393276e-08
38830.007	111.954	-106.182	1.05611614574272e-07	2.7622507300651e-08	-2.7622507300651e-08
39018.538	51.296	-76.577	1.75499129039353e-07	3.93372584002677e-08	-3.93372584002677e-08
39163.200	79.638	-93.366	8.79168342502464e-08	1.98494453481531e-08	-1.98494453481531e-08
39335.811	85.047	-92.972	4.39417964842066e-08	1.14188396244099e-08	-1.14188396244099e-08
39524.264	69.598	-103.407	5.40839785365642e-08	1.21372635549643e-08	-1.21372635549643e-08
39709.412	102.586	-115.55	3.88996518738457e-08	8.76133287736942e-09	-8.76133287736942e-09
39965.490	117.298	-153.492	2.14880658004543e-08	5.49570183969029e-09	-5.49570183969029e-09
40189.810	86.041	-107.022	3.68530948262225e-08	8.3205091884879e-09	-8.3205091884879e-09
40394.877	154.261	-119.026	2.54868351313901e-08	5.83920729924178e-09	-5.83920729924178e-09
45438.127	89.389	-163.849	2.09011406065722e-08	5.45834093323848e-09	-5.45834093323848e-09
45613.823	101.742	-86.306	2.82193245489361e-08	7.34658725412121e-09	-7.34658725412121e-09
45843.134	100.596	-127.57	2.31483468233374e-08	6.05148901204188e-09	-6.05148901204188e-09
46204.432	331.018	-260.702	1.72513644873772e-08	3.4083706054183e-09	-3.4083706054183e-09
51198.064	89.414	-166.332	5.22220681745545e-08	1.36243050061492e-08	-1.36243050061492e-08
51396.964	93.606	-109.486	7.21832937808362e-08	1.82221511009303e-08	-1.82221511009303e-08
51723.181	178.588	-232.611	3.44773606456815e-08	9.07052618350502e-09	-9.07052618350502e-09
52078.802	224.131	-177.033	4.74150727852184e-08	1.09096680721568e-08	-1.09096680721568e-08
57013.521	146.936	-236.682	3.31965184314442e-08	8.66788162517651e-09	-8.66788162517651e-09
57324.783	139.059	-164.326	4.18701032374718e-08	1.09002999872717e-08	-1.09002999872717e-08
57769.652	293.431	-305.81	3.74703436600816e-08	7.28234382424718e-09	-7.28234382424718e-09
125153.865	370.269	-507.288	1.5078984557016e-08	3.95866513403929e-09	-3.95866513403929e-09
126281.593	609.018	-757.459	1.69275188720567e-08	3.38126381967981e-09	-3.38126381967981e-09
130777.525	532.991	-464.918	1.33829307696451e-08	3.55325815979952e-09	-3.55325815979952e-09
132995.467	3287.226	-1684.95	1.69306485705217e-08	3.0213843420935e-09	-3.0213843420935e-09
160590.350	4940.569	-6285.327	1.24876060721977e-08	2.64860364345876e-09	-2.64860364345876e-09
216315.038	2133.141	-4256.434	1.23043912962685e-08	2.91985903421726e-09	-2.91985903421726e-09
240693.176	735.858	-918.96	1.05427552790083e-08	2.6276149032392e-09	-2.6276149032392e-09
247452.238	4356.534	-1888.394	7.4331287141588e-09	2.04366350739946e-09	-2.04366350739946e-09
252405.995	423.247	-597.224	1.58588536161418e-08	4.05334960514843e-09	-4.05334960514843e-09
332038.134	7851.879	-5889.598	6.78388677227866e-09	1.27720970703348e-09	-1.27720970703348e-09
701496.416	57503.640	-47107.394	2.23422383948688e-09	4.73827723021963e-10	-4.73827723021963e-10
840340.207	17467.110	-19302.223	1.75146048689156e-09	4.64261622066072e-10	-4.64261622066072e-10
931868.706	17562.059	-18854.524	1.27158267770904e-09	3.50371447021564e-10	-3.50371447021564e-10
1067779.846	54271.441	-49507.293	1.60688328514548e-09	4.0372648112493e-10	-4.0372648112493e-10
1254845.173	46064.755	-63980.568	2.65266697340001e-09	6.87028290924083e-10	-6.87028290924083e-10
1434473.158	118676.381	-71446.185	2.01043937251204e-09	5.64737453727488e-10	-5.64737453727488e-10
2009049.344	585399.765	-250175.914	6.02074003385487e-10	2.12364625329542e-10	-2.12364625329542e-10
NO NO NO NO NO NO
! xrtpcgamma
3811.680	10.665	-19.423	1.60568146609261	0.41947002855959	-0.300896139112878
3851.654	20.837	-29.309	1.7512298922833	0.304353064506211	-0.218320798277851
3912.920	29.776	-40.429	1.97139811031687	0.239445078713906	-0.176199323303201
3962.399	17.907	-19.703	2.13620683963721	0.311828702808907	-0.231847346981426
3999.835	25.602	-19.53	2.13918003117672	0.237423341743814	-0.176653388968068
4053.127	17.441	-27.691	2.14336486190241	0.254464144406558	-0.189824861348764
4087.857	20.321	-17.289	2.11929768809414	0.302616208649025	-0.225824182648096
4132.927	27.905	-24.749	1.94395971360859	0.228057651473942	-0.171148324294393
4195.146	25.861	-34.315	1.70502244379538	0.194328131445403	-0.150371575218673
4243.808	22.331	-22.801	1.52060437847419	0.240951410023739	-0.188456827958571
4299.707	34.127	-33.568	1.54702087672488	0.232096944519622	-0.181504362706442
5649.773	18.251	-29.388	2.18540374620642	0.307221276574786	-0.229773178046562
5689.071	19.071	-21.047	2.18100989908275	0.302157469091668	-0.225964619274084
5732.065	23.716	-23.923	1.95482799475914	0.234594998812904	-0.171539109577049
5769.567	11.286	-13.787	1.75891927966551	0.312448091447026	-0.224080780093123
5799.768	21.203	-18.914	1.7035538571323	0.268263677743621	-0.192289852304786
5836.611	9.433	-15.64	1.70358529600959	0.295817429759476	-0.212067198341868
5869.606	21.569	-23.563	1.76992677924508	0.272777927485694	-0.196020853467038
5916.009	15.283	-24.834	1.91329337226157	0.276068680832693	-0.202495771986575
5947.462	16.425	-16.17	1.89084571369764	0.269003179498451	-0.19715928029822
5978.674	15.301	-14.787	1.75439565889357	0.253472401838705	-0.182347885188615
6015.635	18.457	-21.66	1.69011560984434	0.310151200099047	-0.221908976665549
6050.759	15.928	-16.667	1.87569235375789	0.237142753569145	-0.173051044975993
6082.476	21.821	-15.788	2.04234504814469	0.302707123508709	-0.224258157185394
6120.335	24.079	-16.038	2.017285288793	0.243847189926497	-0.181271727941878
6169.698	22.355	-25.284	1.939879574796	0.219608170342508	-0.16674726838952
6205.598	16.543	-13.545	1.88661896184607	0.280279834266772	-0.213947589872388
6241.055	26.214	-18.914	1.88584795400024	0.279309064224527	-0.213206553556904
29058.826	3630.818	-2228.948	1.6776946010193	0.26319862662099	-0.199988454443995
34031.004	110.651	-122.528	1.74723389302922	0.217110530648112	-0.163372606370804
34283.539	146.454	-141.884	1.7574398645593	0.214902498104234	-0.161254385257332
38333.299	59.562	-55.775	1.9115697186783	0.328523255135222	-0.240103257575482
38465.293	123.138	-72.433	1.88376725081228	0.31272594312113	-0.228529393317318
38654.846	68.980	-66.415	1.66706670343426	0.240050162820615	-0.173266909934033
38830.007	111.954	-106.182	1.46776196806242	0.317425070744441	-0.226617821027627
39018.538	51.296	-76.577	1.64246475511068	0.251189916447033	-0.180625977289314
39163.200	79.638	-93.366	1.84556511879847	0.246382900071691	-0.180926784402715
39335.811	85.047	-92.972	2.05051542928819	0.309811493160278	-0.229087344367315
39524.264	69.598	-103.407	2.09964848680728	0.239861281837914	-0.178437360037767
39709.412	102.586	-115.55	2.14769225964026	0.206240573907683	-0.156707146998404
39965.490	117.298	-153.492	2.21377367270265	0.24168328935141	-0.188093218665991
40189.810	86.041	-107.022	2.23273891388896	0.258490153246898	-0.201344400407223
40394.877	154.261	-119.026	2.23300136352046	0.249086308969197	-0.194005570603021
45438.127	89.389	-163.849	2.23906814685984	0.266445906105483	-0.204325395385022
45613.823	101.742	-86.306	2.23926715687704	0.27415458154987	-0.210226609835898
45843.134	100.596	-127.57	2.23952574634128	0.284505282315281	-0.218158954239323
46204.432	331.018	-260.702	2.20737855597283	0.266999211509949	-0.204731762577021
51198.064	89.414	-166.332	1.77842238153441	0.256661665623126	-0.19605526958396
51396.964	93.606	-109.486	1.76221568303226	0.265070784436971	-0.202475112882697
51723.181	178.588	-232.611	1.74413304413509	0.274641540520141	-0.209784412937192
52078.802	224.131	-177.033	1.75026649588222	0.270334153229603	-0.206496911494968
57013.521	146.936	-236.682	1.83130402969694	0.219404407498439	-0.168057486304902
57324.783	139.059	-164.326	1.83617770885745	0.216790650550632	-0.166119766121698
57769.652	293.431	-305.81	1.84309763543315	0.213189010648112	-0.163459226079533
125153.865	370.269	-507.288	1.843507319503	0.303172285806009	-0.21998686665108
126281.593	609.018	-757.459	1.83776481858008	0.308853222920316	-0.224053756662911
130777.525	532.991	-464.918	1.81536980498008	0.331612629031514	-0.240446297732183
132995.467	3287.226	-1684.95	1.80499275324803	0.333894661164637	-0.24209254323593
160590.350	4940.569	-6285.327	1.69824558851448	0.255307135654681	-0.182075217446904
216315.038	2133.141	-4256.434	1.68207935298087	0.248157134846363	-0.177929953738421
240693.176	735.858	-918.96	1.71955997237262	0.313634720286818	-0.22674530318781
247452.238	4356.534	-1888.394	1.72850433069686	0.338292708024644	-0.244616666930733
252405.995	423.247	-597.224	1.7306566653356	0.326589863515405	-0.236151393856624
332038.134	7851.879	-5889.598	1.76043240174249	0.245055568261252	-0.176508055274935
701496.416	57503.640	-47107.394	1.96921085377066	0.251869861628345	-0.183178361610713
840340.207	17467.110	-19302.223	2.03643116813808	0.303007279014183	-0.221197762853899
931868.706	17562.059	-18854.524	2.05699027890336	0.327920066848428	-0.239428879805488
1067779.846	54271.441	-49507.293	1.94986232899029	0.26166952733036	-0.187796098349789
1254845.173	46064.755	-63980.568	1.82283790924761	0.309762271767916	-0.214158196041922
1434473.158	118676.381	-71446.185	1.71756655821937	0.423559101447055	-0.291311156779052
2009049.344	585399.765	-250175.914	1.73455953658982	0.402752789373685	-0.276971865270633
