READ TERR 1 2
! xrtwtslewflux
80.4689437171339	0.614501252623228	-0.559728700871773	0.000226820085140496	3.78750544773839e-05	-3.78750544773839e-05
81.6427260033225	0.49398096175014	-0.55928103356537	0.000291189445101453	6.95359198349613e-05	-6.95359198349613e-05
82.6085361250331	0.519177870049759	-0.471829159960535	0.000355363671412663	7.66911143397226e-05	-7.66911143397226e-05
83.6468729410284	0.603489054771572	-0.519158945945534	0.000313511575594839	4.53743278023223e-05	-4.53743278023223e-05
84.9265462170134	0.610888778160984	-0.676184221213404	0.000313511586441996	3.75703916096067e-05	-3.75703916096067e-05
NO NO NO NO NO NO
! xrtwtslewgamma
80.4689437171339	0.614501252623228	-0.559728700871773	1.46519957181705	0.205742204876786	-0.172087325902625
81.6427260033225	0.49398096175014	-0.55928103356537	1.43218148587356	0.134242819025221	-0.112383998445175
82.6085361250331	0.519177870049759	-0.471829159960535	1.40536764212895	0.102924562949728	-0.0876770906360833
83.6468729410284	0.603489054771572	-0.519158945945534	1.3768876970414	0.121617161765016	-0.10546962643654
84.9265462170134	0.610888778160984	-0.676184221213404	1.3422707009481	0.191459138541979	-0.16537656617869
NO NO NO NO NO NO
! xrtwtflux
93.067	0.278	-0.242	0.000230852906904236	3.40567524858303e-05	-3.40567524858303e-05
93.636	0.269	-0.292	0.000198544710044518	2.96151128372589e-05	-2.96151128372589e-05
94.253	0.351	-0.348	0.000221647980821466	2.7449760372422e-05	-2.7449760372422e-05
94.890	0.360	-0.285	0.000155156541477619	2.31461464066489e-05	-2.31461464066489e-05
95.523	0.256	-0.273	0.000193324747652962	2.88403958646314e-05	-2.88403958646314e-05
96.053	0.260	-0.274	0.000188935256146243	2.92769274266507e-05	-2.92769274266507e-05
96.598	0.216	-0.286	0.0001763997630916	2.63177428097904e-05	-2.63177428097904e-05
97.113	0.315	-0.299	0.000120317955097172	1.86485311873724e-05	-1.86485311873724e-05
97.775	0.422	-0.347	0.000148559678091005	1.84121313795342e-05	-1.84121313795342e-05
98.557	0.274	-0.361	0.000152125691818661	2.2705464587212e-05	-2.2705464587212e-05
99.095	0.258	-0.264	0.000212556058447216	3.23341518889685e-05	-3.23341518889685e-05
99.644	0.368	-0.292	0.000192773473611388	2.55150850778198e-05	-2.55150850778198e-05
100.315	0.321	-0.302	0.000128539777717647	1.91975632129072e-05	-1.91975632129072e-05
100.924	0.274	-0.288	0.000126965395368533	1.96981697834493e-05	-1.96981697834493e-05
101.478	0.294	-0.281	0.00012746326713612	1.94031280171478e-05	-1.94031280171478e-05
102.057	0.262	-0.285	0.000124079976361765	1.85446135707747e-05	-1.85446135707747e-05
102.624	0.310	-0.306	8.96791883764813e-05	1.36612460005739e-05	-1.36612460005739e-05
103.277	0.408	-0.343	0.000110256321760317	1.38039072876245e-05	-1.38039072876245e-05
103.983	0.288	-0.298	0.000139518968391996	2.12522367069577e-05	-2.12522367069577e-05
104.557	0.277	-0.287	0.00017796230946445	2.71203815397239e-05	-2.71203815397239e-05
105.134	0.267	-0.3	0.000200337771125395	3.06280552209395e-05	-3.06280552209395e-05
105.688	0.331	-0.286	0.000195420152489491	2.92532954753619e-05	-2.92532954753619e-05
106.291	0.345	-0.272	0.00018121960730075	2.60774645082183e-05	-2.60774645082183e-05
106.878	0.319	-0.242	0.0001372777198246	2.09443752244476e-05	-2.09443752244476e-05
107.527	0.371	-0.33	0.000106937325235754	1.60264940593263e-05	-1.60264940593263e-05
108.189	0.328	-0.291	0.000148904258774144	2.31927493606138e-05	-2.31927493606138e-05
108.820	0.239	-0.303	0.000196417218818365	3.00318589075347e-05	-3.00318589075347e-05
109.348	0.311	-0.289	0.000165165937739513	2.57530584315902e-05	-2.57530584315902e-05
109.961	0.287	-0.302	0.000161251474884986	2.46924701560457e-05	-2.46924701560457e-05
110.655	0.447	-0.407	0.000116831398046097	1.7892347769849e-05	-1.7892347769849e-05
111.418	0.355	-0.316	0.000157003165795142	2.4031314393849e-05	-2.4031314393849e-05
112.126	0.254	-0.353	0.00019816697806224	3.03496922618265e-05	-3.03496922618265e-05
112.619	0.320	-0.24	0.00023930000734914	3.5979332100111e-05	-3.5979332100111e-05
113.229	0.341	-0.289	0.000214689571267091	2.98264026100746e-05	-2.98264026100746e-05
113.936	0.303	-0.366	0.000117156829833025	1.76418687739687e-05	-1.76418687739687e-05
114.601	0.275	-0.362	9.66762903466889e-05	1.48638215365472e-05	-1.48638215365472e-05
115.189	0.352	-0.314	8.78370077189857e-05	1.35268269964862e-05	-1.35268269964862e-05
116.004	0.368	-0.463	6.54150064812035e-05	1.00771872280429e-05	-1.00771872280429e-05
116.691	0.338	-0.319	7.87639471546671e-05	1.19091334993933e-05	-1.19091334993933e-05
117.407	0.386	-0.379	6.32428993011382e-05	9.564942248962e-06	-9.564942248962e-06
118.233	0.348	-0.44	6.74147782121117e-05	1.02082967013378e-05	-1.02082967013378e-05
118.946	0.406	-0.364	7.60046093515878e-05	1.17185608264908e-05	-1.17185608264908e-05
119.779	0.322	-0.427	8.23289189367628e-05	1.29208612300888e-05	-1.29208612300888e-05
120.630	0.437	-0.529	6.41357147930133e-05	1.02579616998695e-05	-1.02579616998695e-05
121.512	0.373	-0.445	8.57234468698338e-05	1.32201977042457e-05	-1.32201977042457e-05
122.272	0.296	-0.387	0.000116099875363031	1.89603780478116e-05	-1.89603780478116e-05
122.896	0.321	-0.327	0.000144838240739873	2.19770719709068e-05	-2.19770719709068e-05
123.636	0.317	-0.42	0.000128749521083533	2.02757865864761e-05	-2.02757865864761e-05
124.476	0.393	-0.524	0.000108934584445316	1.68687254508841e-05	-1.68687254508841e-05
125.249	0.369	-0.38	0.00012835209006141	1.99427088979907e-05	-1.99427088979907e-05
126.113	0.338	-0.495	0.000105780797322133	1.67870988105186e-05	-1.67870988105186e-05
126.913	0.386	-0.463	9.48850259581807e-05	1.47862834182545e-05	-1.47862834182545e-05
127.639	0.309	-0.34	0.000112871326174076	1.75819190176573e-05	-1.75819190176573e-05
128.543	0.491	-0.594	5.97313241198671e-05	9.48227075697115e-06	-9.48227075697115e-06
129.557	0.534	-0.523	5.4412285665901e-05	8.67860421989019e-06	-8.67860421989019e-06
130.611	0.408	-0.521	6.31242839825737e-05	9.88868036718782e-06	-9.88868036718782e-06
131.396	0.433	-0.376	7.36961991234897e-05	1.17354496851833e-05	-1.17354496851833e-05
132.395	0.438	-0.566	6.19048548121079e-05	9.4863954750337e-06	-9.4863954750337e-06
133.224	0.407	-0.392	7.68255794804391e-05	1.17420384907239e-05	-1.17420384907239e-05
133.974	0.353	-0.343	9.64936418069733e-05	1.4839095782791e-05	-1.4839095782791e-05
134.841	0.467	-0.515	9.4820150780142e-05	1.48947796551444e-05	-1.48947796551444e-05
135.704	0.329	-0.395	0.000164499031717296	2.62822272002568e-05	-2.62822272002568e-05
136.385	0.370	-0.352	0.000122159941034361	1.87581168198787e-05	-1.87581168198787e-05
137.231	0.405	-0.476	6.67214501447279e-05	1.0305566229429e-05	-1.0305566229429e-05
137.951	0.370	-0.315	7.69909255107119e-05	1.20684889479454e-05	-1.20684889479454e-05
138.635	0.324	-0.315	7.81004496882123e-05	1.2252915757564e-05	-1.2252915757564e-05
139.312	0.367	-0.352	7.47253771681183e-05	1.15413444313635e-05	-1.15413444313635e-05
140.244	0.591	-0.565	5.94810792355261e-05	9.18529017713431e-06	-9.18529017713431e-06
141.310	0.457	-0.476	8.41999379811717e-05	1.31732648966078e-05	-1.31732648966078e-05
142.092	0.310	-0.325	0.000107336464885168	1.64954414674139e-05	-1.64954414674139e-05
142.834	0.433	-0.431	7.06429596422107e-05	1.06912841212866e-05	-1.06912841212866e-05
143.727	0.565	-0.46	5.31843736909847e-05	8.41784574461702e-06	-8.41784574461702e-06
144.599	0.362	-0.307	7.77635782890195e-05	1.2079811972759e-05	-1.2079811972759e-05
145.395	0.361	-0.434	5.62076620011551e-05	8.73007273501482e-06	-8.73007273501482e-06
146.074	0.386	-0.318	5.55586645537294e-05	8.45641966876427e-06	-8.45641966876427e-06
146.816	0.335	-0.356	5.43026283364801e-05	8.2633621652523e-06	-8.2633621652523e-06
147.680	0.484	-0.53	4.17020878076805e-05	6.72051472228051e-06	-6.72051472228051e-06
148.772	0.486	-0.608	4.89279774288762e-05	7.60497853376182e-06	-7.60497853376182e-06
149.704	0.377	-0.445	5.76527403840397e-05	8.78883737943596e-06	-8.78883737943596e-06
150.746	0.367	-0.665	3.81494925281429e-05	5.93231823990331e-06	-5.93231823990331e-06
151.619	0.463	-0.507	4.07596246522757e-05	6.33721040567797e-06	-6.33721040567797e-06
152.584	0.555	-0.502	4.7156971671671e-05	7.19340889046452e-06	-7.19340889046452e-06
153.708	0.510	-0.568	5.89727113582518e-05	9.04477837600484e-06	-9.04477837600484e-06
154.654	0.407	-0.437	6.88559800904598e-05	1.06664239562292e-05	-1.06664239562292e-05
155.616	0.513	-0.555	5.07602672995021e-05	7.86475918217748e-06	-7.86475918217748e-06
156.557	0.382	-0.429	6.52369636847437e-05	1.00983649731684e-05	-1.00983649731684e-05
157.561	0.688	-0.622	4.02483960400038e-05	6.11278406491764e-06	-6.11278406491764e-06
158.854	0.649	-0.606	4.32226355979469e-05	6.91634452432783e-06	-6.91634452432783e-06
159.987	0.521	-0.484	6.46752170898752e-05	9.78964226958905e-06	-9.78964226958905e-06
160.986	0.488	-0.478	7.13313134533753e-05	1.07901364938471e-05	-1.07901364938471e-05
161.994	0.482	-0.52	6.10492151017962e-05	9.23222178434865e-06	-9.23222178434865e-06
162.978	0.603	-0.501	4.93017958775955e-05	7.44671320051491e-06	-7.44671320051491e-06
164.116	0.424	-0.535	4.98515962459238e-05	7.6651174563089e-06	-7.6651174563089e-06
165.012	0.480	-0.472	4.65249570954752e-05	7.02682345559245e-06	-7.02682345559245e-06
166.096	0.531	-0.604	4.03267767933991e-05	6.10372129877619e-06	-6.10372129877619e-06
167.153	0.546	-0.527	4.72192481048796e-05	7.14519589538986e-06	-7.14519589538986e-06
168.339	0.537	-0.639	4.63501621897549e-05	7.01402572790999e-06	-7.01402572790999e-06
169.321	0.402	-0.445	6.17859409050654e-05	9.6798175860968e-06	-9.6798175860968e-06
170.369	0.535	-0.647	4.50235666883874e-05	6.80306962278535e-06	-6.80306962278535e-06
171.474	0.452	-0.571	5.3036329115686e-05	8.00737937469775e-06	-8.00737937469775e-06
172.751	0.670	-0.824	3.60844959301224e-05	5.65832317597936e-06	-5.65832317597936e-06
173.948	0.544	-0.527	5.879665730195e-05	8.87648713543475e-06	-8.87648713543475e-06
175.091	0.655	-0.599	5.87298290433129e-05	8.87305423095891e-06	-8.87305423095891e-06
176.279	0.744	-0.532	6.13808970820747e-05	9.26530625496823e-06	-9.26530625496823e-06
177.449	0.347	-0.427	9.93219487485452e-05	1.49662319947394e-05	-1.49662319947394e-05
178.402	0.655	-0.606	5.23885058665528e-05	7.89156184469246e-06	-7.89156184469246e-06
179.721	0.472	-0.663	4.16812683032235e-05	6.27126114206769e-06	-6.27126114206769e-06
180.887	0.489	-0.694	2.92929998092391e-05	4.57325877876401e-06	-4.57325877876401e-06
181.957	0.548	-0.582	2.43606858458445e-05	3.73213401495334e-06	-3.73213401495334e-06
182.964	0.387	-0.458	2.6265737974466e-05	3.95000054688778e-06	-3.95000054688778e-06
183.811	0.460	-0.46	2.22677325440754e-05	3.41149920631316e-06	-3.41149920631316e-06
184.677	0.477	-0.407	2.5827093611538e-05	4.03391923503304e-06	-4.03391923503304e-06
185.711	0.529	-0.556	2.50809339461922e-05	3.77538040632308e-06	-3.77538040632308e-06
186.667	0.533	-0.427	2.87874557027608e-05	4.3282340831078e-06	-4.3282340831078e-06
187.576	0.359	-0.375	3.29465535060505e-05	4.95086810809041e-06	-4.95086810809041e-06
188.339	0.501	-0.404	2.35694204090936e-05	3.60650115467014e-06	-3.60650115467014e-06
189.221	0.429	-0.381	2.61396551104297e-05	4.00116197610268e-06	-4.00116197610268e-06
190.110	0.410	-0.46	2.91098062561853e-05	4.37118150924927e-06	-4.37118150924927e-06
190.959	0.344	-0.438	3.7857434899716e-05	5.68469974631238e-06	-5.68469974631238e-06
191.599	0.293	-0.295	4.88358967402382e-05	7.33277916484837e-06	-7.33277916484837e-06
192.239	0.383	-0.347	3.20946212358408e-05	4.99866309181102e-06	-4.99866309181102e-06
192.945	0.258	-0.324	3.41066676331099e-05	5.11911658797587e-06	-5.11911658797587e-06
193.499	0.345	-0.296	2.95658576038866e-05	4.43957804325741e-06	-4.43957804325741e-06
194.286	0.307	-0.442	2.88055873012977e-05	4.32522040047899e-06	-4.32522040047899e-06
194.916	0.357	-0.323	3.47256331427557e-05	5.30842035970953e-06	-5.30842035970953e-06
195.649	0.321	-0.377	3.4894878761093e-05	5.33375464112951e-06	-5.33375464112951e-06
196.289	0.355	-0.319	3.29991016404468e-05	4.95235568902703e-06	-4.95235568902703e-06
196.896	0.299	-0.252	3.65675436724503e-05	5.48676412122101e-06	-5.48676412122101e-06
197.617	0.404	-0.422	2.33122492463822e-05	3.49675132367555e-06	-3.49675132367555e-06
198.546	0.420	-0.525	2.58687345339258e-05	4.10502936610116e-06	-4.10502936610116e-06
199.298	0.322	-0.332	4.82335485943842e-05	7.37040550154429e-06	-7.37040550154429e-06
200.075	0.348	-0.454	4.14550901637177e-05	6.22113288862423e-06	-6.22113288862423e-06
200.690	0.336	-0.267	4.43558951330152e-05	6.66053616575142e-06	-6.66053616575142e-06
201.317	0.380	-0.291	3.19648045896936e-05	4.79815123411339e-06	-4.79815123411339e-06
202.048	0.320	-0.351	3.11994766221982e-05	4.76938132557995e-06	-4.76938132557995e-06
202.654	0.315	-0.286	4.47289044460398e-05	6.71083610557144e-06	-6.71083610557144e-06
203.465	0.343	-0.496	4.39167515328084e-05	6.59096955768457e-06	-6.59096955768457e-06
204.249	0.310	-0.441	4.43075048781987e-05	6.77345291565528e-06	-6.77345291565528e-06
205.163	0.400	-0.604	2.261296614679e-05	3.39045088600529e-06	-3.39045088600529e-06
205.921	0.446	-0.358	2.03287368732602e-05	3.04819513869166e-06	-3.04819513869166e-06
206.860	0.288	-0.493	1.66380921459041e-05	2.54140007969054e-06	-2.54140007969054e-06
207.473	0.333	-0.325	1.91354898818485e-05	2.86920380079013e-06	-2.86920380079013e-06
208.262	0.354	-0.456	1.46781816982937e-05	2.20292239807227e-06	-2.20292239807227e-06
209.222	0.439	-0.606	1.06005789140625e-05	1.59025741009875e-06	-1.59025741009875e-06
209.935	0.304	-0.275	2.71299975520883e-05	3.96771629528521e-06	-3.96771629528521e-06
210.682	0.348	-0.443	2.53843523003299e-05	3.80512568442907e-06	-3.80512568442907e-06
211.448	0.468	-0.418	3.13543517231695e-05	4.70230884446173e-06	-4.70230884446173e-06
212.424	0.406	-0.508	3.35141076106222e-05	5.21596192477212e-06	-5.21596192477212e-06
213.241	0.403	-0.41	3.53131204279271e-05	5.39156729845575e-06	-5.39156729845575e-06
213.895	0.286	-0.251	5.01405112565247e-05	7.65629098798682e-06	-7.65629098798682e-06
214.534	0.351	-0.353	3.35992387559696e-05	5.03866665878929e-06	-5.03866665878929e-06
215.229	0.363	-0.344	2.79742577536547e-05	4.20081616789777e-06	-4.20081616789777e-06
216.089	0.467	-0.497	1.59301623731371e-05	2.48183400967896e-06	-2.48183400967896e-06
216.951	0.395	-0.395	1.84377948934961e-05	2.81895828447309e-06	-2.81895828447309e-06
217.839	0.480	-0.493	1.61012940367543e-05	2.46071907120555e-06	-2.46071907120555e-06
218.946	0.521	-0.626	1.51684976891574e-05	2.2752004477283e-06	-2.2752004477283e-06
220.024	0.556	-0.557	1.68702133786294e-05	2.52855868010821e-06	-2.52855868010821e-06
221.070	0.414	-0.49	1.99797036802232e-05	2.99448780430429e-06	-2.99448780430429e-06
222.006	0.507	-0.521	1.67626163757654e-05	2.55974865588195e-06	-2.55974865588195e-06
223.012	0.588	-0.499	1.55550043929467e-05	2.33063922030018e-06	-2.33063922030018e-06
224.097	0.467	-0.497	2.08824261707932e-05	3.18725512709006e-06	-3.18725512709006e-06
224.922	0.355	-0.358	3.47385516518459e-05	5.20342625943724e-06	-5.20342625943724e-06
225.806	0.395	-0.528	3.29887412275286e-05	4.94527570856622e-06	-4.94527570856622e-06
226.730	0.510	-0.529	2.57783162696368e-05	3.86694319163083e-06	-3.86694319163083e-06
227.933	0.490	-0.693	1.66143375030944e-05	2.49032920460126e-06	-2.49032920460126e-06
228.865	0.442	-0.442	1.70125244516535e-05	2.64789141089785e-06	-2.64789141089785e-06
229.824	0.378	-0.517	1.6092092015645e-05	2.41208572374619e-06	-2.41208572374619e-06
230.675	0.490	-0.473	1.54408213836414e-05	2.31438833460587e-06	-2.31438833460587e-06
231.884	0.749	-0.719	1.03005132041337e-05	1.60393526055417e-06	-1.60393526055417e-06
233.223	0.560	-0.591	1.40109874438139e-05	2.10078606868045e-06	-2.10078606868045e-06
234.331	0.588	-0.547	1.35401509502768e-05	2.0293534890158e-06	-2.0293534890158e-06
235.517	0.591	-0.599	1.20918677344028e-05	1.84610496898625e-06	-1.84610496898625e-06
236.734	0.585	-0.625	1.14525001482235e-05	1.71794319553892e-06	-1.71794319553892e-06
237.999	0.617	-0.68	1.16555195360252e-05	1.74740979318631e-06	-1.74740979318631e-06
239.184	0.566	-0.569	1.63412303197721e-05	2.45025638354677e-06	-2.45025638354677e-06
240.308	0.451	-0.558	2.23044458425573e-05	3.34630517092152e-06	-3.34630517092152e-06
241.221	0.440	-0.462	2.75111779792986e-05	4.20422063980312e-06	-4.20422063980312e-06
242.177	0.563	-0.516	2.11744161934075e-05	3.29684385511837e-06	-3.29684385511837e-06
243.528	0.754	-0.789	1.36376840243123e-05	2.08351563615381e-06	-2.08351563615381e-06
244.926	0.689	-0.644	1.4510881691833e-05	2.21634267030229e-06	-2.21634267030229e-06
246.228	0.679	-0.613	1.52408171007078e-05	2.28444130174762e-06	-2.28444130174762e-06
247.532	0.721	-0.626	1.42497694641507e-05	2.21882115251419e-06	-2.21882115251419e-06
248.935	0.627	-0.682	1.51440004156165e-05	2.27048773721678e-06	-2.27048773721678e-06
250.442	0.568	-0.88	1.51946742652392e-05	2.32044883134155e-06	-2.32044883134155e-06
251.651	0.754	-0.641	1.77699064787475e-05	2.66196830831165e-06	-2.66196830831165e-06
253.100	0.577	-0.695	2.17541936026191e-05	3.32221052545037e-06	-3.32221052545037e-06
254.488	0.707	-0.81	1.83019344001062e-05	2.74380737974774e-06	-2.74380737974774e-06
255.839	0.753	-0.643	1.94868246960597e-05	2.92274165966792e-06	-2.92274165966792e-06
257.352	0.527	-0.761	2.03324251371039e-05	3.05050614425548e-06	-3.05050614425548e-06
258.652	0.676	-0.772	1.56608127098618e-05	2.34756719095568e-06	-2.34756719095568e-06
260.065	0.614	-0.737	1.43755219237341e-05	2.15652516786895e-06	-2.15652516786895e-06
261.284	0.475	-0.605	1.55038591892904e-05	2.3691710822419e-06	-2.3691710822419e-06
262.983	0.859	-1.225	7.26832826794502e-06	1.13190476199267e-06	-1.13190476199267e-06
264.696	0.893	-0.854	8.13671507079944e-06	1.26750810404144e-06	-1.26750810404144e-06
266.596	0.953	-1.008	6.85478823009368e-06	1.04665998166159e-06	-1.04665998166159e-06
268.371	0.753	-0.821	8.99898565058925e-06	1.37459928374662e-06	-1.37459928374662e-06
269.894	0.865	-0.77	1.06328288347797e-05	1.62579107930513e-06	-1.62579107930513e-06
271.426	0.813	-0.667	1.46194039122749e-05	2.19320069514652e-06	-2.19320069514652e-06
273.068	0.664	-0.829	1.7835013686136e-05	2.67632757854546e-06	-2.67632757854546e-06
274.784	0.993	-1.053	1.18614551663989e-05	1.77946404134377e-06	-1.77946404134377e-06
276.578	0.673	-0.8	1.47484126530702e-05	2.25391521181953e-06	-2.25391521181953e-06
277.906	0.604	-0.655	1.63644720166196e-05	2.45434086044529e-06	-2.45434086044529e-06
279.413	1.058	-0.903	1.20925512521364e-05	1.81324830962905e-06	-1.81324830962905e-06
281.313	0.758	-0.841	1.74117599401267e-05	2.66175144371134e-06	-2.66175144371134e-06
283.169	0.940	-1.099	1.54877883821015e-05	2.41171954316945e-06	-2.41171954316945e-06
285.140	1.075	-1.031	1.53140157873742e-05	2.29614096953831e-06	-2.29614096953831e-06
287.375	1.136	-1.159	1.39385661711241e-05	2.08916229647751e-06	-2.08916229647751e-06
289.462	1.032	-0.952	1.56559784541868e-05	2.39226364941592e-06	-2.39226364941592e-06
291.578	0.995	-1.083	1.48215456623953e-05	2.22233866628473e-06	-2.22233866628473e-06
293.558	0.963	-0.985	1.52589097234763e-05	2.33205472017068e-06	-2.33205472017068e-06
295.303	0.883	-0.783	1.60685073958332e-05	2.50183272527634e-06	-2.50183272527634e-06
297.178	0.994	-0.992	1.23392086206814e-05	1.85127491776804e-06	-1.85127491776804e-06
299.067	0.878	-0.896	1.23744046903098e-05	1.87018582467303e-06	-1.87018582467303e-06
300.834	1.132	-0.889	1.18483607370107e-05	1.77749074982892e-06	-1.77749074982892e-06
303.108	1.216	-1.141	1.18293534427085e-05	1.8069824721254e-06	-1.8069824721254e-06
305.181	0.726	-0.858	2.0661532502578e-05	3.097645121099e-06	-3.097645121099e-06
306.715	1.048	-0.807	1.79233433342111e-05	2.68616438803533e-06	-2.68616438803533e-06
309.205	1.363	-1.442	1.21756808810873e-05	1.82650274428584e-06	-1.82650274428584e-06
311.969	1.311	-1.401	1.28573266455745e-05	2.04152804372931e-06	-2.04152804372931e-06
314.280	1.108	-1	1.93661330483101e-05	2.90800287959473e-06	-2.90800287959473e-06
316.166	1.069	-0.778	2.42603507020231e-05	3.64348973399611e-06	-3.64348973399611e-06
318.285	0.877	-1.05	2.08105873002741e-05	3.18390360878972e-06	-3.18390360878972e-06
320.193	1.156	-1.031	1.61236008324794e-05	2.42030050342354e-06	-2.42030050342354e-06
322.533	0.817	-1.184	1.47531740700333e-05	2.29934709377825e-06	-2.29934709377825e-06
324.348	1.165	-0.999	1.31802854545687e-05	1.97785927901612e-06	-1.97785927901612e-06
327.036	1.085	-1.523	9.93095853429325e-06	1.48992694099186e-06	-1.48992694099186e-06
329.451	1.241	-1.33	9.23864277362229e-06	1.43915638714148e-06	-1.43915638714148e-06
331.827	1.021	-1.135	1.11361047257972e-05	1.66938998814853e-06	-1.66938998814853e-06
333.894	0.945	-1.046	1.13674492505331e-05	1.80352855388831e-06	-1.80352855388831e-06
336.131	1.201	-1.292	1.008983574567e-05	1.51201657838284e-06	-1.51201657838284e-06
338.631	0.985	-1.299	1.28772845854506e-05	1.93384287442801e-06	-1.93384287442801e-06
340.526	1.293	-0.91	1.45896857586353e-05	2.27348813806281e-06	-2.27348813806281e-06
343.388	1.283	-1.569	9.5723508119529e-06	1.49102461649426e-06	-1.49102461649426e-06
345.720	0.972	-1.049	1.07726208925429e-05	1.64688359863438e-06	-1.64688359863438e-06
348.276	1.451	-1.584	5.5210766728146e-06	8.44011188491322e-07	-8.44011188491322e-07
350.831	0.970	-1.104	9.67033120162272e-06	1.45248011078172e-06	-1.45248011078172e-06
353.330	1.042	-1.529	8.96615729193248e-06	1.39660848862556e-06	-1.39660848862556e-06
355.420	1.242	-1.048	1.17080063877532e-05	1.78843239591505e-06	-1.78843239591505e-06
357.649	1.580	-0.987	1.08059016222612e-05	1.68197089563631e-06	-1.68197089563631e-06
360.956	1.385	-1.727	9.88184005961107e-06	1.48256762154611e-06	-1.48256762154611e-06
364.257	1.534	-1.915	9.27723422600268e-06	1.44588896457223e-06	-1.44588896457223e-06
367.103	1.517	-1.312	1.21226756289709e-05	1.85402246514333e-06	-1.85402246514333e-06
370.170	1.410	-1.551	1.24345921096813e-05	1.86454283588039e-06	-1.86454283588039e-06
372.858	1.463	-1.278	1.45838815854609e-05	2.22744656431346e-06	-2.22744656431346e-06
375.887	1.409	-1.566	1.55898352185973e-05	2.33703124982509e-06	-2.33703124982509e-06
378.461	1.214	-1.165	2.09930368106736e-05	3.14611864161722e-06	-3.14611864161722e-06
381.106	1.158	-1.431	1.82214430431578e-05	2.78157494969337e-06	-2.78157494969337e-06
384.072	1.834	-1.808	1.25297444883301e-05	1.87781609719546e-06	-1.87781609719546e-06
387.295	1.603	-1.39	1.42767986901502e-05	2.18132246659663e-06	-2.18132246659663e-06
390.141	1.396	-1.243	1.54773736791766e-05	2.36612127476753e-06	-2.36612127476753e-06
393.097	1.389	-1.561	1.24441524253618e-05	1.93765989102308e-06	-1.93765989102308e-06
396.158	1.521	-1.672	1.01719172643517e-05	1.52411479382726e-06	-1.52411479382726e-06
398.950	1.542	-1.27	9.92752351940171e-06	1.51693243214125e-06	-1.51693243214125e-06
402.164	1.301	-1.672	1.04963370528076e-05	1.57552333643148e-06	-1.57552333643148e-06
404.979	1.034	-1.513	1.45848479442075e-05	2.18739596852402e-06	-2.18739596852402e-06
407.831	1.659	-1.818	1.26591554772946e-05	1.89775660542684e-06	-1.89775660542684e-06
411.300	1.458	-1.811	1.51964843163977e-05	2.27807995098513e-06	-2.27807995098513e-06
414.832	1.616	-2.074	1.52734527285411e-05	2.29176821364374e-06	-2.29176821364374e-06
418.132	2.043	-1.684	1.40489469599416e-05	2.14775164620939e-06	-2.14775164620939e-06
422.091	1.832	-1.916	1.2637401213193e-05	1.89452799166775e-06	-1.89452799166775e-06
425.665	1.300	-1.741	1.33181892469357e-05	1.99569644769297e-06	-1.99569644769297e-06
428.339	1.500	-1.375	1.20086815698057e-05	1.83320955323072e-06	-1.83320955323072e-06
431.117	1.499	-1.278	1.10499106021457e-05	1.68678670491004e-06	-1.68678670491004e-06
434.934	1.816	-2.317	8.44644059476188e-06	1.29053808129398e-06	-1.29053808129398e-06
438.305	1.467	-1.556	1.27310344395527e-05	1.98264816159417e-06	-1.98264816159417e-06
441.659	2.144	-1.887	9.01325246563409e-06	1.35145760491282e-06	-1.35145760491282e-06
445.210	1.800	-1.406	9.55433835795529e-06	1.45958891562842e-06	-1.45958891562842e-06
449.241	2.057	-2.231	7.24180722526331e-06	1.10626924795032e-06	-1.10626924795032e-06
452.989	1.813	-1.692	1.05481960432703e-05	1.64205355039999e-06	-1.64205355039999e-06
456.730	1.799	-1.928	1.08864491443731e-05	1.66292009387766e-06	-1.66292009387766e-06
459.845	1.465	-1.315	1.21977557240423e-05	1.86278798507525e-06	-1.86278798507525e-06
463.383	1.955	-2.073	6.98261639841881e-06	1.04694469133504e-06	-1.04694469133504e-06
467.014	1.924	-1.676	8.48485270514886e-06	1.29684040044198e-06	-1.29684040044198e-06
470.727	1.571	-1.789	1.29288313612591e-05	1.97531268367529e-06	-1.97531268367529e-06
474.351	2.180	-2.053	1.23057883305668e-05	1.84665212990652e-06	-1.84665212990652e-06
478.513	1.570	-1.982	7.17814716980664e-06	1.31663899711618e-06	-1.31663899711618e-06
481.939	1.615	-1.856	8.5541260913192e-06	1.28350124158787e-06	-1.28350124158787e-06
485.011	1.632	-1.456	1.14528243482872e-05	1.7179793551879e-06	-1.7179793551879e-06
488.380	1.686	-1.737	1.32722922255332e-05	1.99072942482072e-06	-1.99072942482072e-06
491.917	1.483	-1.851	1.48766701344863e-05	2.27344980389035e-06	-2.27344980389035e-06
495.845	1.741	-2.445	1.06199131639962e-05	1.65360181016387e-06	-1.65360181016387e-06
499.725	1.982	-2.139	1.04696473156077e-05	1.56988663748518e-06	-1.56988663748518e-06
503.766	2.112	-2.059	1.00127187861202e-05	1.52982471080773e-06	-1.52982471080773e-06
508.145	2.367	-2.267	9.11982665561349e-06	1.36761477694594e-06	-1.36761477694594e-06
512.518	1.651	-2.006	1.1750651538436e-05	1.76217403891755e-06	-1.76217403891755e-06
516.203	1.564	-2.033	1.19434308485424e-05	1.79164506815799e-06	-1.79164506815799e-06
519.709	1.878	-1.942	1.09291236923622e-05	1.66964838658001e-06	-1.66964838658001e-06
523.524	1.395	-1.937	1.27853872236099e-05	1.95362286485088e-06	-1.95362286485088e-06
526.718	1.984	-1.798	1.26048285572581e-05	1.89116376078413e-06	-1.89116376078413e-06
531.024	1.816	-2.322	1.16270439339549e-05	1.776524009808e-06	-1.776524009808e-06
535.403	2.235	-2.563	7.19755596835096e-06	1.080613393208e-06	-1.080613393208e-06
539.298	1.914	-1.66	7.23948138701414e-06	1.08671826840698e-06	-1.08671826840698e-06
542.897	1.904	-1.685	1.02980586616243e-05	1.54506354911995e-06	-1.54506354911995e-06
547.189	2.389	-2.388	1.18465759215829e-05	1.77707230667765e-06	-1.77707230667765e-06
551.318	2.044	-1.74	9.31569984346406e-06	1.68033367083364e-06	-1.68033367083364e-06
555.663	1.889	-2.301	9.41214105869128e-06	1.43796599507783e-06	-1.43796599507783e-06
559.785	1.903	-2.233	8.93864619920151e-06	1.33970528165055e-06	-1.33970528165055e-06
564.232	1.841	-2.544	7.77021852160884e-06	1.16460688868108e-06	-1.16460688868108e-06
568.062	1.889	-1.988	8.08073234758313e-06	1.21174242045018e-06	-1.21174242045018e-06
571.844	2.113	-1.893	7.0861079156306e-06	1.08332219819627e-06	-1.08332219819627e-06
576.240	2.397	-2.282	5.73284669513681e-06	8.6033471365676e-07	-8.6033471365676e-07
580.276	1.842	-1.64	8.9024648696509e-06	1.36050161923323e-06	-1.36050161923323e-06
583.990	1.814	-1.872	9.70602752550876e-06	1.48409858662827e-06	-1.48409858662827e-06
588.026	2.474	-2.221	7.24381580490191e-06	1.16691608618958e-06	-1.16691608618958e-06
593.040	2.355	-2.541	6.5163310405752e-06	1.32241959245301e-06	-1.32241959245301e-06
597.037	1.821	-1.641	1.26079403143162e-05	1.92653598213157e-06	-1.92653598213157e-06
600.964	1.583	-2.107	1.44934040142307e-05	2.2135089146384e-06	-2.2135089146384e-06
604.870	2.015	-2.322	1.35924743708815e-05	2.03733504656987e-06	-2.03733504656987e-06
608.967	1.944	-2.082	1.07470515801226e-05	1.61189083683462e-06	-1.61189083683462e-06
612.826	1.827	-1.915	5.39306747339206e-06	1.07711031246278e-06	-1.07711031246278e-06
616.872	2.248	-2.219	7.41896264110656e-06	1.13190867955415e-06	-1.13190867955415e-06
621.554	2.111	-2.433	8.4745260036761e-06	1.31888093107515e-06	-1.31888093107515e-06
626.515	1.544	-2.851	6.94601741197159e-06	1.27381304931832e-06	-1.27381304931832e-06
629.700	1.937	-1.641	8.34862732358956e-06	1.53064649935863e-06	-1.53064649935863e-06
633.797	2.925	-2.16	8.31547605447856e-06	1.29493231521033e-06	-1.29493231521033e-06
638.523	2.365	-1.801	1.22534745107994e-05	1.83856787708318e-06	-1.83856787708318e-06
643.109	1.819	-2.221	1.89316151429581e-05	2.84066694356747e-06	-2.84066694356747e-06
646.954	2.271	-2.025	9.77612111049937e-06	1.95295439957006e-06	-1.95295439957006e-06
651.652	1.781	-2.427	9.03880039422746e-06	1.35611696931213e-06	-1.35611696931213e-06
655.710	2.071	-2.278	6.48554494846035e-06	1.00964133432435e-06	-1.00964133432435e-06
659.843	1.955	-2.062	4.44889425605232e-06	8.88721396400874e-07	-8.88721396400874e-07
663.582	1.828	-1.784	5.11356417226696e-06	9.64528732971911e-07	-9.64528732971911e-07
667.500	1.884	-2.09	6.55859550626363e-06	1.15883755617541e-06	-1.15883755617541e-06
671.436	2.481	-2.052	8.26988238548872e-06	1.45371933690658e-06	-1.45371933690658e-06
676.306	3.082	-2.389	9.17542191861005e-06	1.37600157411466e-06	-1.37600157411466e-06
681.563	1.885	-2.175	6.3964903615484e-06	1.205820872997e-06	-1.205820872997e-06
686.074	2.553	-2.626	6.84430856820581e-06	1.04642620914695e-06	-1.04642620914695e-06
690.509	2.208	-1.882	9.39475002904926e-06	1.40923172211785e-06	-1.40923172211785e-06
694.791	2.316	-2.073	9.00885995613743e-06	1.35002295542728e-06	-1.35002295542728e-06
699.228	2.002	-2.122	6.04629867650973e-06	1.17252863388068e-06	-1.17252863388068e-06
702.688	2.124	-1.457	7.06555191908398e-06	1.33161234710215e-06	-1.33161234710215e-06
706.567	2.323	-1.755	6.40519729563506e-06	1.08722282010479e-06	-1.08722282010479e-06
710.627	2.559	-1.737	5.17518989147282e-06	8.87230947052114e-07	-8.87230947052114e-07
715.271	2.654	-2.085	5.57067054857475e-06	8.74646964857611e-07	-8.74646964857611e-07
719.714	1.861	-1.788	8.75217530204544e-06	1.60437262241668e-06	-1.60437262241668e-06
723.985	1.736	-2.411	1.17447135935591e-05	2.27854192686612e-06	-2.27854192686612e-06
727.795	1.865	-2.073	1.38775376579549e-05	2.42585920784594e-06	-2.42585920784594e-06
731.910	2.281	-2.251	1.57466228592215e-05	2.45234654207642e-06	-2.45234654207642e-06
736.155	2.179	-1.965	1.36286419684336e-05	2.44518445645768e-06	-2.44518445645768e-06
740.406	2.091	-2.072	1.49467671842689e-05	2.66297291386014e-06	-2.66297291386014e-06
744.356	2.603	-1.859	1.22430225465027e-05	2.10910365226211e-06	-2.10910365226211e-06
749.252	1.328	-2.293	1.16148923554059e-05	2.09415759850491e-06	-2.09415759850491e-06
752.825	1.827	-2.246	9.43752365646102e-06	1.77916713968065e-06	-1.77916713968065e-06
756.493	1.922	-1.841	1.11389116917154e-05	1.97983821600829e-06	-1.97983821600829e-06
760.795	2.411	-2.38	1.10048326043586e-05	1.65295687263468e-06	-1.65295687263468e-06
764.885	1.850	-1.678	6.71024142625244e-06	1.26543405617301e-06	-1.26543405617301e-06
768.841	1.793	-2.107	4.32955529068185e-06	7.93572702337469e-07	-7.93572702337469e-07
772.505	1.895	-1.871	3.95879693697678e-06	7.21679479616097e-07	-7.21679479616097e-07
776.430	2.043	-2.029	3.90279429427046e-06	7.13254703819179e-07	-7.13254703819179e-07
781.075	1.824	-2.602	3.2972214678538e-06	6.04445529190773e-07	-6.04445529190773e-07
785.722	2.081	-2.823	3.62790671898577e-06	6.8410998200259e-07	-6.8410998200259e-07
789.608	1.639	-1.806	6.87740246743729e-06	1.25982270380294e-06	-1.25982270380294e-06
793.200	1.791	-1.953	7.75982805410598e-06	1.50437461992916e-06	-1.50437461992916e-06
796.684	1.955	-1.694	1.05307780596716e-05	1.98436030872337e-06	-1.98436030872337e-06
800.999	2.818	-2.36	1.54838578717316e-05	2.36631621124237e-06	-2.36631621124237e-06
806.122	1.886	-2.306	9.15148407003901e-06	1.72605880885057e-06	-1.72605880885057e-06
809.954	1.909	-1.946	7.26731683721017e-06	1.3709070023373e-06	-1.3709070023373e-06
814.118	1.361	-2.254	5.95987029573956e-06	1.15661158161793e-06	-1.15661158161793e-06
818.064	2.044	-2.585	3.78329980532385e-06	7.33997701763115e-07	-7.33997701763115e-07
822.288	2.077	-2.18	3.29817717026133e-06	6.39846721448676e-07	-6.39846721448676e-07
827.010	1.629	-2.645	2.68776721572207e-06	4.9263954482808e-07	-4.9263954482808e-07
831.099	2.640	-2.46	2.93386365951297e-06	5.37551166296742e-07	-5.37551166296742e-07
NO NO NO NO NO NO
! xrtwtgamma
93.067	0.278	-0.242	1.21677654861245	0.251838576399912	-0.207084718451537
93.636	0.269	-0.292	1.24774521512075	0.162935733342118	-0.134172759161196
94.253	0.351	-0.348	1.28111439713747	0.138526891696908	-0.112365334091596
94.890	0.360	-0.285	1.30899437521185	0.187705173928804	-0.151234157906656
95.523	0.256	-0.273	1.29783609745564	0.143794955161401	-0.115881158396338
96.053	0.260	-0.274	1.2885501904547	0.199782264642927	-0.161019706090051
96.598	0.216	-0.286	1.37826965531544	0.139748208562505	-0.113428813803248
97.113	0.315	-0.299	1.46380308592755	0.145456986003539	-0.120120454039717
97.775	0.422	-0.347	1.45296629077191	0.143690215757976	-0.119025598587472
98.557	0.274	-0.361	1.32734823317037	0.122409855613873	-0.102302181830651
99.095	0.258	-0.264	1.24150298712739	0.156377458275787	-0.131078582869339
99.644	0.368	-0.292	1.31894131700513	0.129394899636416	-0.106786984324894
100.315	0.321	-0.302	1.4348786055043	0.175088306508283	-0.139827056760846
100.924	0.274	-0.288	1.48369448814172	0.168627548346058	-0.134450292242866
101.478	0.294	-0.281	1.47744534212494	0.1692049305755	-0.135168804258897
102.057	0.262	-0.285	1.52668188260529	0.170099220042143	-0.13612391870781
102.624	0.310	-0.306	1.62886564315998	0.150247088351371	-0.122071077436242
103.277	0.408	-0.343	1.62616348025477	0.16120984276126	-0.13139708979942
103.983	0.288	-0.298	1.43444178362434	0.157735548131193	-0.127289879002821
104.557	0.277	-0.287	1.3207501009998	0.172581603622791	-0.139182177748188
105.134	0.267	-0.3	1.27026792988856	0.132050156608191	-0.107883221754839
105.688	0.331	-0.286	1.2220580841917	0.163382873193738	-0.135002119418173
106.291	0.345	-0.272	1.33206900470975	0.134862071796224	-0.110525730621216
106.878	0.319	-0.242	1.4680094208135	0.164097897427117	-0.132060433877055
107.527	0.371	-0.33	1.49129370533913	0.170887539870734	-0.137232961391999
108.189	0.328	-0.291	1.35903695116227	0.157032806180828	-0.12588002987455
108.820	0.239	-0.303	1.28625196192824	0.177537225179157	-0.142267994423879
109.348	0.311	-0.289	1.3201614963928	0.147743062028373	-0.118524458100922
109.961	0.287	-0.302	1.35273157181126	0.198475464117204	-0.159329603341384
110.655	0.447	-0.407	1.32442246984855	0.145394399421337	-0.116758365987117
111.418	0.355	-0.316	1.29350295412918	0.199509173190131	-0.160277832810319
112.126	0.254	-0.353	1.21476492123008	0.138976737148442	-0.112350968341606
112.619	0.320	-0.24	1.15830585806024	0.158078611612256	-0.128836979910981
113.229	0.341	-0.289	1.24550919030523	0.148879331942959	-0.121324922521148
113.936	0.303	-0.366	1.46836955657402	0.155417040419222	-0.125889154350999
114.601	0.275	-0.362	1.60762254016257	0.171046888328908	-0.138416500135164
115.189	0.352	-0.314	1.6351366537468	0.145988967015277	-0.117943145608411
116.004	0.368	-0.463	1.67336268846405	0.190246803942697	-0.153548330955588
116.691	0.338	-0.319	1.70666804857279	0.142875602257153	-0.115881722545049
117.407	0.386	-0.379	1.7411712870259	0.180779963136661	-0.147464989842409
118.233	0.348	-0.44	1.69221396871623	0.145480124837598	-0.118062155910901
118.946	0.406	-0.364	1.63401135657227	0.173065644839394	-0.139003726956616
119.779	0.322	-0.427	1.59916109630965	0.165685438496503	-0.132910100004903
120.630	0.437	-0.529	1.58865732791905	0.166191814505333	-0.132992843034836
121.512	0.373	-0.445	1.53668881587177	0.17121645988726	-0.136935487322898
122.272	0.296	-0.387	1.44484979567868	0.164074784963067	-0.13100878392361
122.896	0.321	-0.327	1.38483109456717	0.191731397514023	-0.153060765384364
123.636	0.317	-0.42	1.36205935777398	0.148171576546432	-0.118805610595986
124.476	0.393	-0.524	1.34737171613092	0.188589320991269	-0.151622469867569
125.249	0.369	-0.38	1.3835321625199	0.150090074139216	-0.119892675800217
126.113	0.338	-0.495	1.42478655903943	0.211858681862874	-0.168448177538915
126.913	0.386	-0.463	1.48212285260876	0.151667715730331	-0.121097610321744
127.639	0.309	-0.34	1.53384357898317	0.203595535759307	-0.16317763779795
128.543	0.491	-0.594	1.59167255009219	0.15120573376649	-0.12146592664886
129.557	0.534	-0.523	1.65554044836575	0.184171334773412	-0.148702588437746
130.611	0.408	-0.521	1.65323229206455	0.149195463346814	-0.12042327851665
131.396	0.433	-0.376	1.6363584919309	0.166538363102409	-0.134293422337997
132.395	0.438	-0.566	1.6303281649777	0.158654723939547	-0.128005437032971
133.224	0.407	-0.392	1.63669311028885	0.157564698993651	-0.127602063867965
133.974	0.353	-0.343	1.58650576437931	0.177404127066289	-0.143726881969548
134.841	0.467	-0.515	1.3960421947282	0.146509092879603	-0.11792289816502
135.704	0.329	-0.395	1.2543520782578	0.193311754278203	-0.155113896246514
136.385	0.370	-0.352	1.4367579353296	0.144671308786862	-0.116540488332745
137.231	0.405	-0.476	1.66209467302635	0.192683780974751	-0.156097398782882
137.951	0.370	-0.315	1.71211906721448	0.146219534782651	-0.118675380765865
138.635	0.324	-0.315	1.74084063806994	0.161578228943918	-0.131744615447477
139.312	0.367	-0.352	1.70875083139194	0.168520374907777	-0.137359420346937
140.244	0.591	-0.565	1.57720023114519	0.15158758843892	-0.121864496372754
141.310	0.457	-0.476	1.49974736943272	0.179455125391563	-0.143624910008671
142.092	0.310	-0.325	1.58346982230625	0.152893065225715	-0.123003420494938
142.834	0.433	-0.431	1.65438552120819	0.195581385513414	-0.157651307770129
143.727	0.565	-0.46	1.68733755065986	0.144781956894486	-0.117095750979899
144.599	0.362	-0.307	1.71931769271426	0.194827035619116	-0.158050842542302
145.395	0.361	-0.434	1.7961377616294	0.143528960424651	-0.11687811383327
146.074	0.386	-0.318	1.86525662591676	0.152329181830207	-0.125118737964139
146.816	0.335	-0.356	1.88236733807365	0.167799443422066	-0.137970028489566
147.680	0.484	-0.53	1.79889416481496	0.138856562013065	-0.113322699740568
148.772	0.486	-0.608	1.69408927312702	0.197788205882132	-0.1603355907111
149.704	0.377	-0.445	1.76348786716225	0.146060954992973	-0.118758842062851
150.746	0.367	-0.665	1.85056217863006	0.15801918947934	-0.129645716096684
151.619	0.463	-0.507	1.84815797401632	0.16470160152074	-0.135163212871111
152.584	0.555	-0.502	1.73643508521025	0.142010391891229	-0.115401179709014
153.708	0.510	-0.568	1.61544314605525	0.19920792356372	-0.160936517228828
154.654	0.407	-0.437	1.65148800787828	0.144767089989066	-0.117035784679086
155.616	0.513	-0.555	1.68791710419134	0.185442935237339	-0.15005816533576
156.557	0.382	-0.429	1.69608288612118	0.155180403494164	-0.125572097111786
157.561	0.688	-0.622	1.69641538728981	0.156891860935698	-0.126955695968368
158.854	0.649	-0.606	1.65811242744889	0.162596440135344	-0.131503285368994
159.987	0.521	-0.484	1.58476311566381	0.157662203179091	-0.126984228124551
160.986	0.488	-0.478	1.55380714690896	0.184412949278179	-0.14842860502393
161.994	0.482	-0.52	1.61744492306786	0.145064808346995	-0.117356354602466
162.978	0.603	-0.501	1.67903057017647	0.199558222828622	-0.161954867054686
164.116	0.424	-0.535	1.73890601752446	0.139979781664918	-0.11401022908487
165.012	0.480	-0.472	1.78575731110791	0.168127383848801	-0.13750866808289
166.096	0.531	-0.604	1.76869444956848	0.150377408976905	-0.122881942612434
167.153	0.546	-0.527	1.71697953645741	0.151448712567144	-0.123064144015088
168.339	0.537	-0.639	1.68075368898558	0.171405567387854	-0.139110403450542
169.321	0.402	-0.445	1.68703286975403	0.143061560757075	-0.116154882309899
170.369	0.535	-0.647	1.69366231637106	0.199982195555923	-0.16241114579182
171.474	0.452	-0.571	1.68317722485711	0.144278127674313	-0.11709442827071
172.751	0.670	-0.824	1.67114390095374	0.179809433615587	-0.145740405711909
173.948	0.544	-0.527	1.60351735540233	0.15108581610291	-0.122148451167163
175.091	0.655	-0.599	1.51935806082341	0.172261820229606	-0.138187009993848
176.279	0.744	-0.532	1.48679333461487	0.161059507544653	-0.129132402079105
177.449	0.347	-0.427	1.49701982818465	0.172939748748543	-0.138745815847094
178.402	0.655	-0.606	1.56569217083145	0.174250744972552	-0.139921426221561
179.721	0.472	-0.663	1.73654386115997	0.14889766405827	-0.121270320764332
180.887	0.489	-0.694	1.88160348029269	0.176984085709395	-0.144720454001633
181.957	0.548	-0.582	2.00039031958102	0.135946643391542	-0.11174275524114
182.964	0.387	-0.458	2.11154684236908	0.15814549400357	-0.130831102558502
183.811	0.460	-0.46	2.14387745761959	0.165647348573665	-0.137109789620405
184.677	0.477	-0.407	2.0849167799752	0.133378090467169	-0.11030940915476
185.711	0.529	-0.556	2.01487907873783	0.155060093032048	-0.12807078322327
186.667	0.533	-0.427	2.00728179153458	0.159756407662612	-0.131967101546327
187.576	0.359	-0.375	2.07094298464136	0.130105002911292	-0.107873494102579
188.339	0.501	-0.404	2.12414146186974	0.15009976510049	-0.124875273566544
189.221	0.429	-0.381	2.12673702177608	0.156085635388032	-0.129874462321343
190.110	0.410	-0.46	2.04737356386159	0.130959783704906	-0.108432584815932
190.959	0.344	-0.438	1.97192670722091	0.165429140906909	-0.136430050272746
191.599	0.293	-0.295	1.98616890681484	0.160398680121121	-0.132305100466313
192.239	0.383	-0.347	2.07069927552076	0.130326829907332	-0.108002225123512
192.945	0.258	-0.324	2.16362100900608	0.154030998672305	-0.12837640443321
193.499	0.345	-0.296	2.18615412750104	0.16056402176555	-0.133853497466024
194.286	0.307	-0.442	2.12435687480382	0.129938693250001	-0.107815987819748
194.916	0.357	-0.323	2.07506779490441	0.152613841070032	-0.126083413599426
195.649	0.321	-0.377	2.06055416229576	0.165159340807743	-0.136380608443764
196.289	0.355	-0.319	2.10982094629014	0.132648398024712	-0.109790180331987
196.896	0.299	-0.252	2.15639921271789	0.142558188573062	-0.118396035669084
197.617	0.404	-0.422	2.17822430229452	0.171370043312241	-0.142438470869038
198.546	0.420	-0.525	2.04182610953485	0.132494407447094	-0.109485812376266
199.298	0.322	-0.332	1.93188210209672	0.157197523083682	-0.129095493332129
200.075	0.348	-0.454	1.91314427981074	0.164966662772914	-0.135435336741827
200.690	0.336	-0.267	2.01831465091712	0.132272155373577	-0.109256018819796
201.317	0.380	-0.291	2.12520586592163	0.148195164972961	-0.123404939645199
202.048	0.320	-0.351	2.12959524180093	0.153805011349994	-0.128097435505457
202.654	0.315	-0.286	2.01468741443855	0.132836200234648	-0.109639132907477
203.465	0.343	-0.496	1.86144459332889	0.170105699161432	-0.138824795445352
204.249	0.310	-0.441	1.90303216458671	0.163637878457243	-0.133624661581653
205.163	0.400	-0.604	2.09292156661838	0.131000770749553	-0.108443420654989
205.921	0.446	-0.358	2.24976036329952	0.15060473430845	-0.126114590407366
206.860	0.288	-0.493	2.35155932560613	0.146773365177318	-0.123052660486577
207.473	0.333	-0.325	2.37204048920537	0.126732273633926	-0.106272154190722
208.262	0.354	-0.456	2.39831316434753	0.129701203829485	-0.108807040490371
209.222	0.439	-0.606	2.43014601431747	0.17169495522576	-0.144061622309042
209.935	0.304	-0.275	2.30106262345607	0.139211802124637	-0.11652744542805
210.682	0.348	-0.443	2.15268731127879	0.130715679620607	-0.108318653982996
211.448	0.468	-0.418	2.00108338903476	0.161844118707749	-0.133174427074209
212.424	0.406	-0.508	1.94261500877253	0.149782750079823	-0.123236468351766
213.241	0.403	-0.41	1.98161900263471	0.137148617501552	-0.113230132922634
213.895	0.286	-0.251	2.01273375458407	0.174749517522315	-0.144470092259628
214.534	0.351	-0.353	2.0803521375066	0.152683426557089	-0.126320214825139
215.229	0.363	-0.344	2.16503451680193	0.128489613818281	-0.106833422108874
216.089	0.467	-0.497	2.26944361272687	0.150357837431676	-0.125826624396544
216.951	0.395	-0.395	2.30155197142056	0.154606675188428	-0.129436938519101
217.839	0.480	-0.493	2.26785746317999	0.128108125597043	-0.10712674511573
218.946	0.521	-0.626	2.22604498245138	0.137891060677836	-0.115034049821302
220.024	0.556	-0.557	2.19084594017707	0.174079781352854	-0.14514342262238
221.070	0.414	-0.49	2.20717821688964	0.133057994936488	-0.110918393967451
222.006	0.507	-0.521	2.22172756883787	0.131741252255979	-0.109769072211405
223.012	0.588	-0.499	2.23729677695661	0.168323062261024	-0.140217525959703
224.097	0.467	-0.497	2.14708726365036	0.138489309337606	-0.115149893763318
224.922	0.355	-0.358	2.05499245350365	0.134580570919596	-0.111240117748503
225.806	0.395	-0.528	1.95668561676573	0.17426429113662	-0.143597181014713
226.730	0.510	-0.529	2.01731172682894	0.152327084944639	-0.125646512690357
227.933	0.490	-0.693	2.16359256845452	0.129539765980359	-0.10790239511066
228.865	0.442	-0.442	2.27639091769946	0.157040306571588	-0.131516857994119
229.824	0.378	-0.517	2.31101869085974	0.150932598812755	-0.126430940085756
230.675	0.490	-0.473	2.2965791173076	0.128212271266843	-0.107336463550851
231.884	0.749	-0.719	2.27615641726796	0.134779038311483	-0.112680990113526
233.223	0.560	-0.591	2.26000716076291	0.170700771138182	-0.142660187092693
234.331	0.588	-0.547	2.28202000924959	0.135026858766353	-0.112904796667121
235.517	0.591	-0.599	2.30546746239539	0.125801651616304	-0.105369928088961
236.734	0.585	-0.625	2.32940536530638	0.152221878649663	-0.127644841506115
237.999	0.617	-0.68	2.28850931625145	0.147437603297021	-0.123563263578485
239.184	0.566	-0.569	2.19308575355702	0.12754595034662	-0.10622097391297
240.308	0.451	-0.558	2.10301016918133	0.153128726954404	-0.126815928861914
241.221	0.440	-0.462	2.0507213380452	0.176830915228999	-0.146348492026353
242.177	0.563	-0.516	2.08310804620667	0.139916253691219	-0.115908437961438
243.528	0.754	-0.789	2.12865895996356	0.13624774059807	-0.11331081323065
244.926	0.689	-0.644	2.16865350218179	0.1726959758261	-0.143790688908729
246.228	0.679	-0.613	2.1669898301414	0.134267607464241	-0.111718059100178
247.532	0.721	-0.626	2.16533239669526	0.134994507903554	-0.112133638653615
248.935	0.627	-0.682	2.16355885320532	0.177877727832043	-0.147652924687242
250.442	0.568	-0.88	2.10708328718614	0.137773297685805	-0.114247722247567
251.651	0.754	-0.641	2.05719189874566	0.135689228910327	-0.112217103909392
253.100	0.577	-0.695	1.99771134444358	0.182332268398874	-0.150596768296612
254.488	0.707	-0.81	2.00288280739501	0.13988001125453	-0.115575643027451
255.839	0.753	-0.643	2.01270052376759	0.138094373413725	-0.114238549446797
257.352	0.527	-0.761	2.03103527103924	0.178495349915585	-0.14772326253989
258.652	0.676	-0.772	2.09887960743529	0.137012368392113	-0.113591788946493
260.065	0.614	-0.737	2.1722355244565	0.133108749187941	-0.110954037703832
261.284	0.475	-0.605	2.23520039983701	0.16633149356967	-0.138935675876178
262.983	0.859	-1.225	2.27504329849914	0.143183884898848	-0.119617090788196
264.696	0.893	-0.854	2.30435918531446	0.126033810758652	-0.105336394574005
266.596	0.953	-1.008	2.33665424819741	0.150023327755495	-0.125440360065901
268.371	0.753	-0.821	2.31156459633922	0.156750786465236	-0.131039292267273
269.894	0.865	-0.77	2.21610056435787	0.129430109191779	-0.107830271398928
271.426	0.813	-0.667	2.12061434382507	0.14080713783786	-0.11670016080096
273.068	0.664	-0.829	2.0239501738513	0.183112728871461	-0.151542681503378
274.784	0.993	-1.053	2.06812874185502	0.135387354494761	-0.112127808306636
276.578	0.673	-0.8	2.11402141155152	0.143779045797024	-0.119301640361928
277.906	0.604	-0.655	2.14590665067673	0.18292368211305	-0.151834536968776
279.413	1.058	-0.903	2.07855271093893	0.14068090671424	-0.11646682170045
281.313	0.758	-0.841	1.99414986096995	0.146941212435639	-0.120509979818396
283.169	0.940	-1.099	1.92664128769191	0.185040457420012	-0.151436771578741
285.140	1.075	-1.031	1.93022356740079	0.138949904906232	-0.113952201482876
287.375	1.136	-1.159	1.93425582737853	0.158682489911396	-0.130671390710884
289.462	1.032	-0.952	1.94172379008262	0.156929451335987	-0.12925757932751
291.578	0.995	-1.083	1.95285759983975	0.136542569420262	-0.112343572718413
293.558	0.963	-0.985	1.96320288040936	0.179523968239059	-0.147617550274773
295.303	0.883	-0.783	2.00696262904577	0.149853877394838	-0.123352721331721
297.178	0.994	-0.992	2.06352563490331	0.133542289912382	-0.110630328307689
299.067	0.878	-0.896	2.12015123886916	0.173448352574849	-0.144190597412444
300.834	1.132	-0.889	2.07427834657889	0.143003568260867	-0.118742634337064
303.108	1.216	-1.141	1.99384619906461	0.139456263373388	-0.115021333075472
305.181	0.726	-0.858	1.92368587618372	0.186866327244325	-0.153818330748754
306.715	1.048	-0.807	1.91548701178751	0.147823115757914	-0.121597241443502
309.205	1.363	-1.442	1.90226545925909	0.146507438290791	-0.120062918225478
311.969	1.311	-1.401	1.87013175327041	0.166632430866443	-0.136417267669259
314.280	1.108	-1	1.81233522345641	0.140408895271916	-0.114662876878549
316.166	1.069	-0.778	1.76548172952125	0.180709713380486	-0.147372028640941
318.285	0.877	-1.05	1.81473917010426	0.148101272607578	-0.120934663524692
320.193	1.156	-1.031	1.88653095005047	0.144921629186793	-0.118947268313374
322.533	0.817	-1.184	1.96053801982739	0.172993826199249	-0.142205571414107
324.348	1.165	-0.999	1.99151832231782	0.138841824543562	-0.114219651494246
327.036	1.085	-1.523	2.03708285527406	0.156665491577117	-0.129129754430151
329.451	1.241	-1.33	2.06334573101098	0.161872964336776	-0.133434460984922
331.827	1.021	-1.135	2.07197545534534	0.135609912535433	-0.11166211460502
333.894	0.945	-1.046	2.07943276724183	0.163740332750379	-0.134706935565105
336.131	1.201	-1.292	2.04933552601455	0.162099488862845	-0.133298162956892
338.631	0.985	-1.299	1.97391152262896	0.140185743385879	-0.114742914872619
340.526	1.293	-0.91	1.91711021139379	0.174463653353894	-0.142447229774606
343.388	1.283	-1.569	1.99473532163827	0.150827735528548	-0.123269971662594
345.720	0.972	-1.049	2.10996919688394	0.14272753902614	-0.117187077327701
348.276	1.451	-1.584	2.23538235402311	0.193202898019483	-0.158953591757584
350.831	0.970	-1.104	2.1575169714411	0.142121671699028	-0.11696158288868
353.330	1.042	-1.529	2.07820973885336	0.146734103311051	-0.120852483370331
355.420	1.242	-1.048	2.01371979837908	0.18846529639259	-0.155250787752223
357.649	1.580	-0.987	1.9898664350951	0.146185315995976	-0.120295825388194
360.956	1.385	-1.727	1.95474949054224	0.150100016162246	-0.12291955902391
364.257	1.534	-1.915	1.92094241457027	0.172401414934133	-0.141055156756959
367.103	1.517	-1.312	1.89385076848621	0.138341132587085	-0.113211300073866
370.170	1.410	-1.551	1.86488950792241	0.175890400382161	-0.143970333443479
372.858	1.463	-1.278	1.81474242478776	0.151396116668763	-0.123816418494947
375.887	1.409	-1.566	1.74653947491806	0.15319563478499	-0.124686127249458
378.461	1.214	-1.165	1.70891569515693	0.180261640230305	-0.146597704827981
381.106	1.158	-1.431	1.73084871194917	0.14020504347543	-0.114154310301794
384.072	1.834	-1.808	1.75526321419162	0.186590276933926	-0.152105634579664
387.295	1.603	-1.39	1.78155528169686	0.143139457880241	-0.11676937443463
390.141	1.396	-1.243	1.80458760302865	0.156806805494741	-0.128130303397182
393.097	1.389	-1.561	1.84828047679068	0.168286557090027	-0.13757840726789
396.158	1.521	-1.672	1.92303801106247	0.135905470150667	-0.11164170053905
398.950	1.542	-1.27	1.99072385982275	0.168366641764599	-0.138844855877268
402.164	1.301	-1.672	1.94354205220049	0.145023245669536	-0.119437407956783
404.979	1.034	-1.513	1.85780511279699	0.143802434107058	-0.117719110926191
407.831	1.659	-1.818	1.77359120945699	0.191101765565479	-0.156137223186259
411.300	1.458	-1.811	1.71076974088946	0.141495451466293	-0.114991336475246
414.832	1.616	-2.074	1.64734941829867	0.190648475021323	-0.154001571999831
418.132	2.043	-1.684	1.67811821923563	0.152229633258153	-0.123199226683898
422.091	1.832	-1.916	1.7371772405718	0.161812840779393	-0.13203693026653
425.665	1.300	-1.741	1.81344461092353	0.154535178844128	-0.125912584160543
428.339	1.500	-1.375	1.88613505067525	0.15665007944297	-0.126306594639857
431.117	1.499	-1.278	1.94521414936045	0.2063784724831	-0.165917687981782
434.934	1.816	-2.317	1.88234681546599	0.1453715936823	-0.117774545479816
438.305	1.467	-1.556	1.82728236305903	0.177636302178683	-0.145196336287015
441.659	2.144	-1.887	1.87005093722101	0.151678654027711	-0.123261845541407
445.210	1.800	-1.406	1.94748665156575	0.178267711738027	-0.142104321127881
449.241	2.057	-2.231	1.94035563764818	0.179893355284939	-0.143354172487798
452.989	1.813	-1.692	1.84617276740142	0.152832574886047	-0.12392982436411
456.730	1.799	-1.928	1.80617653021827	0.177342181994146	-0.14463128587412
459.845	1.465	-1.315	1.8947115339857	0.137273575938419	-0.11254737119496
463.383	1.955	-2.073	1.99454457070742	0.156746390805123	-0.12965380440152
467.014	1.924	-1.676	1.94598176927531	0.152849774751541	-0.12540163873918
470.727	1.571	-1.789	1.7689785418051	0.179288519226587	-0.140378066344671
474.351	2.180	-2.053	1.68534521863748	0.219031392229881	-0.170428469470647
478.513	1.570	-1.982	1.84253629873745	0.15183477806086	-0.121753532088199
481.939	1.615	-1.856	1.97090747331859	0.183952419647547	-0.151253951685957
485.011	1.632	-1.456	1.88280381851728	0.145942906479865	-0.119264245573161
488.380	1.686	-1.737	1.75624617803117	0.169607900386004	-0.136188351131786
491.917	1.483	-1.851	1.70506696870143	0.175588442993649	-0.140619989008286
495.845	1.741	-2.445	1.75399963888035	0.174617239421484	-0.13876151256949
499.725	1.982	-2.139	1.78440085177201	0.183668947063217	-0.145842405260496
503.766	2.112	-2.059	1.7937652839889	0.17147333984095	-0.136678775397073
508.145	2.367	-2.267	1.79502374673444	0.174512351688015	-0.13923909876086
512.518	1.651	-2.006	1.78675088327989	0.175658531394598	-0.140538435638887
516.203	1.564	-2.033	1.78695675415677	0.175245560757938	-0.140423023238783
519.709	1.878	-1.942	1.79450603534461	0.148672724672843	-0.120812456727917
523.524	1.395	-1.937	1.78413712720187	0.17244038388518	-0.140544749167572
526.718	1.984	-1.798	1.73353606413674	0.166375928116362	-0.130588454399547
531.024	1.816	-2.322	1.72130167364312	0.226629234612288	-0.17530909051422
535.403	2.235	-2.563	1.8947900010527	0.150610337696019	-0.120849015149475
539.298	1.914	-1.66	2.03910884809557	0.182494958328264	-0.151208271980625
542.897	1.904	-1.685	1.85732424617751	0.15204977002067	-0.121519822065167
547.189	2.389	-2.388	1.64210536752519	0.232951800430839	-0.179265705760181
551.318	2.044	-1.74	1.69510757465174	0.18178803489192	-0.14038764839512
555.663	1.889	-2.301	1.82235662586851	0.247588132794417	-0.19265122173587
559.785	1.903	-2.233	1.86187237756571	0.161252070868756	-0.127557195053561
564.232	1.841	-2.544	1.90303354807805	0.179708992414698	-0.147806201704024
568.062	1.889	-1.988	1.9442496775215	0.144293119484807	-0.11876925471886
571.844	2.113	-1.893	1.98558838443591	0.138882966120726	-0.114518175436948
576.240	2.397	-2.282	2.02115430592188	0.181059562441617	-0.149386513733989
580.276	1.842	-1.64	1.94289856402431	0.144426992354857	-0.117192340068131
583.990	1.814	-1.872	1.87136562062631	0.188886590469262	-0.150739034030347
588.026	2.474	-2.221	1.8322095984029	0.177640224093558	-0.141560129443247
593.040	2.355	-2.541	1.81515550458162	0.177953177638968	-0.141232499190852
597.037	1.821	-1.641	1.76975413096013	0.193771250912154	-0.153689721896169
600.964	1.583	-2.107	1.66396780992224	0.166347129621549	-0.131728325981591
604.870	2.015	-2.322	1.62079916899493	0.205199742683666	-0.162455561123012
608.967	1.944	-2.082	1.77966484885737	0.149608025733292	-0.120241084081668
612.826	1.827	-1.915	1.928327349607	0.18053597089902	-0.147556207781567
616.872	2.248	-2.219	1.90776582176786	0.156392009878162	-0.127564383508286
621.554	2.111	-2.433	1.82470441131202	0.155978016021845	-0.12558339361497
626.515	1.544	-2.851	1.75311458588786	0.200391422575677	-0.160731381699613
629.700	1.937	-1.641	1.76476859380852	0.156249372306863	-0.125477769163174
633.797	2.925	-2.16	1.77967325772092	0.166066162727339	-0.133802015767244
638.523	2.365	-1.801	1.69496911727261	0.171764283292289	-0.13725339512786
643.109	1.819	-2.221	1.47923849839051	0.220708518607895	-0.16749041974523
646.954	2.271	-2.025	1.54396423369916	0.210667968100477	-0.160143294147669
651.652	1.781	-2.427	1.84173492078964	0.175541607985273	-0.140241102210071
655.710	2.071	-2.278	1.98240411637805	0.181719131751977	-0.146057486816381
659.843	1.955	-2.062	1.98892912806009	0.169684036118612	-0.133656409588232
663.582	1.828	-1.784	1.99479699280912	0.231230454072529	-0.180445954301571
667.500	1.884	-2.09	1.88514274205859	0.184969886939755	-0.144538905681616
671.436	2.481	-2.052	1.74536306608468	0.183211955115761	-0.144065649553429
676.306	3.082	-2.389	1.70523227151735	0.189893007224774	-0.149398745463287
681.563	1.885	-2.175	1.82509546403056	0.190066070972367	-0.148553074004571
686.074	2.553	-2.626	1.87745972108907	0.203549554865893	-0.159110325362809
690.509	2.208	-1.882	1.84275627636008	0.171866872886477	-0.136904651100633
694.791	2.316	-2.073	1.82646070555119	0.183839699404027	-0.146975881380947
699.228	2.002	-2.122	1.83252386630132	0.161953082540909	-0.129050047854672
702.688	2.124	-1.457	1.83722531680961	0.213872231448545	-0.170196324214834
706.567	2.323	-1.755	1.90797416403146	0.170343013268242	-0.135469854643786
710.627	2.559	-1.737	1.99212260753401	0.175817069880193	-0.139512117671974
715.271	2.654	-2.085	1.97773956791689	0.203203677641994	-0.160949647945413
719.714	1.861	-1.788	1.72061111794076	0.182964316938097	-0.140960800987898
723.985	1.736	-2.411	1.48210899009303	0.261351670133732	-0.199041639199005
727.795	1.865	-2.073	1.49537453808582	0.185205395008051	-0.14157633263402
731.910	2.281	-2.251	1.5034287876552	0.24356594101074	-0.186812951354795
736.155	2.179	-1.965	1.46714299026735	0.168447274953896	-0.131391797900808
740.406	2.091	-2.072	1.43613528666342	0.216961519018022	-0.171979377297187
744.356	2.603	-1.859	1.51003202564025	0.168992504458998	-0.132104509036666
749.252	1.328	-2.293	1.6010842020122	0.238720867525307	-0.182956787713552
752.825	1.827	-2.246	1.62078227582961	0.197006959465794	-0.151663256232584
756.493	1.922	-1.841	1.62429271470513	0.16232441421905	-0.12920746181489
760.795	2.411	-2.38	1.6800335581497	0.185295747735629	-0.149571409558123
764.885	1.850	-1.678	1.86537376194733	0.157030863206418	-0.125202747949608
768.841	1.793	-2.107	2.04370121513725	0.202511553632474	-0.15970216105489
772.505	1.895	-1.871	2.12793393844054	0.208210925820358	-0.164067826485049
776.430	2.043	-2.029	2.12306714145155	0.170626586311265	-0.134401870911359
781.075	1.824	-2.602	2.11733926832498	0.213119966669987	-0.167799749759106
785.722	2.081	-2.823	2.00769657517489	0.186112885473744	-0.146298909889651
789.608	1.639	-1.806	1.87489065767706	0.180596551036278	-0.140982976436137
793.200	1.791	-1.953	1.7527123430857	0.239260339739311	-0.186304112224637
796.684	1.955	-1.694	1.61698428962137	0.18514714380278	-0.142619141104856
800.999	2.818	-2.36	1.44727769541591	0.255306429929067	-0.192430825843789
806.122	1.886	-2.306	1.61920228485185	0.187098763985014	-0.142886782594912
809.954	1.909	-1.946	1.78603680214801	0.233019061148933	-0.180750634840005
814.118	1.361	-2.254	1.90630298715171	0.19071001614249	-0.14816635288158
818.064	2.044	-2.585	2.00746150978493	0.185353351939571	-0.144740334320432
822.288	2.077	-2.18	2.11520745913392	0.258187543773069	-0.20196082311816
827.010	1.629	-2.645	2.23500314329031	0.379867196113083	-0.296924968289093
831.099	2.640	-2.46	2.10449343839019	0.248711301538898	-0.194550367131976
NO NO NO NO NO NO
! xrtpcflux
844.606	5.931	-4.099	6.20979228596681e-06	1.32718579138753e-06	-1.32718579138753e-06
854.534	6.032	-3.997	8.05356446476892e-06	1.75743159749288e-06	-1.75743159749288e-06
867.952	7.658	-7.386	7.32611055196943e-06	1.64038001754111e-06	-1.64038001754111e-06
884.375	6.279	-8.765	1.20726724666403e-05	2.57706134413323e-06	-2.57706134413323e-06
900.965	9.748	-10.311	6.07673118375365e-06	1.33807833667862e-06	-1.33807833667862e-06
919.953	8.310	-9.241	5.29697366342739e-06	1.04098176457625e-06	-1.04098176457625e-06
938.813	9.510	-10.549	4.54923533047804e-06	9.96563546736672e-07	-9.96563546736672e-07
961.463	9.425	-13.141	5.96436655413054e-06	1.34272510273145e-06	-1.34272510273145e-06
979.898	13.556	-9.01	5.31087651537787e-06	1.19237134152558e-06	-1.19237134152558e-06
1000.169	8.329	-6.715	5.90858339526535e-06	1.26281041553295e-06	-1.26281041553295e-06
1016.241	7.301	-7.743	5.43816035997278e-06	1.16226897173048e-06	-1.16226897173048e-06
1033.295	15.320	-9.754	3.66953295775339e-06	8.27224711553981e-07	-8.27224711553981e-07
1056.902	9.264	-8.287	6.06083847915638e-06	1.32598951660386e-06	-1.32598951660386e-06
1074.928	8.789	-8.762	4.63030005311222e-06	9.9082733816375e-07	-9.9082733816375e-07
1091.459	7.302	-7.742	3.96403272773909e-06	8.46171885283028e-07	-8.46171885283028e-07
1108.238	10.582	-9.476	3.57305481376919e-06	7.84743060497709e-07	-7.84743060497709e-07
1130.631	8.248	-11.811	5.66417506046455e-06	1.18383841098469e-06	-1.18383841098469e-06
1148.379	5.543	-9.501	1.03798594313219e-05	2.13316113084324e-06	-2.13316113084324e-06
1162.927	8.547	-9.004	9.35459903640271e-06	2.05188045976006e-06	-2.05188045976006e-06
1184.621	9.419	-13.147	6.76727922615931e-06	1.51935571425782e-06	-1.51935571425782e-06
1206.432	12.681	-12.392	4.23285356630832e-06	9.11384273189542e-07	-9.11384273189542e-07
1226.852	9.812	-7.739	4.3920723638795e-06	9.3984877868869e-07	-9.3984877868869e-07
1251.809	14.943	-15.145	3.47428607738112e-06	7.87491105487548e-07	-7.87491105487548e-07
1272.445	6.843	-5.694	1.28709155874326e-05	2.75083316342713e-06	-2.75083316342713e-06
1287.801	11.546	-8.513	8.03953538557316e-06	1.80744279732268e-06	-1.80744279732268e-06
1307.770	9.128	-8.423	1.13037482369307e-05	2.4218422253112e-06	-2.4218422253112e-06
1324.529	7.413	-7.631	9.93823852486991e-06	2.12143973066994e-06	-2.12143973066994e-06
1339.208	7.778	-7.266	6.21174743021459e-06	1.40031734558958e-06	-1.40031734558958e-06
1356.750	10.295	-9.764	3.78048085034083e-06	8.49925509282277e-07	-8.49925509282277e-07
1377.339	7.257	-10.295	4.85915109588754e-06	1.02038099475456e-06	-1.02038099475456e-06
1394.081	8.067	-9.485	4.64912359160559e-06	1.0171345464554e-06	-1.0171345464554e-06
1413.889	13.331	-11.742	4.48812076991815e-06	9.84444925700173e-07	-9.84444925700173e-07
1433.961	8.304	-6.74	9.97729989041556e-06	2.19129547398057e-06	-2.19129547398057e-06
1456.391	10.947	-14.127	5.68323694924375e-06	1.24337761983286e-06	-1.24337761983286e-06
1477.106	10.291	-9.768	6.31293232967996e-06	1.41734823106795e-06	-1.41734823106795e-06
1498.296	9.159	-10.899	5.36667423298281e-06	1.20327030250016e-06	-1.20327030250016e-06
1520.746	11.782	-13.292	3.67325866237564e-06	8.02601520587054e-07	-8.02601520587054e-07
1544.591	10.503	-12.063	4.90419829700973e-06	1.04943785757913e-06	-1.04943785757913e-06
1565.106	12.554	-10.012	5.10163602412707e-06	1.15319881276289e-06	-1.15319881276289e-06
1585.558	7.146	-7.898	9.73551142377014e-06	2.03237788785075e-06	-2.03237788785075e-06
1607.684	7.585	-14.981	7.03568870514606e-06	1.47222115930772e-06	-1.47222115930772e-06
1623.242	7.072	-7.972	7.11991973224156e-06	1.52545160063039e-06	-1.52545160063039e-06
1640.457	9.915	-10.144	2.94892617197049e-06	6.64777926535932e-07	-6.64777926535932e-07
1662.661	12.784	-12.289	1.97512401344953e-06	4.24742134501978e-07	-4.24742134501978e-07
1685.120	10.384	-9.675	3.96831297531813e-06	8.50215855760369e-07	-8.50215855760369e-07
1709.906	13.178	-14.402	4.20093468478776e-06	9.483077455947e-07	-9.483077455947e-07
1734.129	9.014	-11.044	6.48663082378166e-06	1.38465192565436e-06	-1.38465192565436e-06
1755.366	10.343	-12.223	5.27050878020035e-06	1.15755154977017e-06	-1.15755154977017e-06
1776.733	9.034	-11.024	4.5479001010187e-06	1.02943253657932e-06	-1.02943253657932e-06
1800.108	13.240	-14.34	2.89324224102173e-06	6.20645147620978e-07	-6.20645147620978e-07
1827.565	8.349	-14.217	3.11469116672669e-06	6.52518259834453e-07	-6.52518259834453e-07
1855.192	15.824	-19.278	1.75975520474304e-06	3.94557247762495e-07	-3.94557247762495e-07
1881.036	10.039	-10.02	3.06411780541714e-06	6.86082733304667e-07	-6.86082733304667e-07
1904.612	14.044	-13.537	3.38407910514047e-06	7.4227930404433e-07	-7.4227930404433e-07
1927.545	11.169	-8.89	6.77412511180836e-06	1.52089227449635e-06	-1.52089227449635e-06
1956.366	14.943	-17.652	4.97571187789961e-06	1.12935128758933e-06	-1.12935128758933e-06
1978.574	10.287	-7.265	6.43850648362362e-06	1.44554162246103e-06	-1.44554162246103e-06
2003.834	12.607	-14.973	3.0027395033013e-06	6.29806623281703e-07	-6.29806623281703e-07
2029.815	11.699	-13.374	4.53338610407683e-06	9.11593935575602e-07	-9.11593935575602e-07
2050.287	6.272	-8.772	8.9085296576769e-06	1.95403763450092e-06	-1.95403763450092e-06
2071.089	10.543	-14.53	6.12441884461357e-06	1.37502361733619e-06	-1.37502361733619e-06
2099.923	9.289	-18.291	5.43236711659848e-06	1.22295892133697e-06	-1.22295892133697e-06
2125.997	10.795	-16.785	5.3436062979656e-06	1.20297668462885e-06	-1.20297668462885e-06
2151.075	10.779	-14.283	7.32820757565815e-06	1.47199278887897e-06	-1.47199278887897e-06
5545.503	23.584	-21.548	1.8926495726094e-06	4.26261828994559e-07	-4.26261828994559e-07
5602.041	27.221	-32.954	1.22841005664347e-06	2.75469988681403e-07	-2.75469988681403e-07
5656.820	22.589	-27.558	1.11769139312215e-06	2.51001904735735e-07	-2.51001904735735e-07
5715.961	33.652	-36.552	6.05068436423527e-07	1.33309625079873e-07	-1.33309625079873e-07
5775.050	22.202	-25.437	1.46017939062704e-06	3.2697442128169e-07	-3.2697442128169e-07
5811.032	23.830	-13.78	2.55252734318371e-06	5.73225805125093e-07	-5.73225805125093e-07
5852.401	20.071	-17.539	1.98659309703268e-06	4.45491857506652e-07	-4.45491857506652e-07
5903.163	26.977	-30.691	6.35872709390582e-07	1.43004733134505e-07	-1.43004733134505e-07
5958.333	19.446	-28.193	3.63098961186889e-07	8.20136330701894e-08	-8.20136330701894e-08
6006.000	21.925	-28.221	3.57345920884294e-07	7.82997229305244e-08	-7.82997229305244e-08
6066.751	28.872	-38.825	3.71981572098242e-07	8.37775936144945e-08	-8.37775936144945e-08
6125.186	30.613	-29.563	6.16493099748395e-07	1.3904696094876e-07	-1.3904696094876e-07
6181.718	34.257	-25.919	7.87889213570805e-07	1.76683607560301e-07	-1.76683607560301e-07
6248.016	18.104	-32.042	9.90737805034237e-07	2.17681327529526e-07	-2.17681327529526e-07
6291.176	30.105	-25.056	8.4891592980785e-07	1.91468791371117e-07	-1.91468791371117e-07
6335.545	10.809	-14.264	2.4377841621428e-06	5.33423519602661e-07	-5.33423519602661e-07
6381.553	27.485	-35.198	1.22096200384934e-06	2.74588597527057e-07	-2.74588597527057e-07
6443.866	22.840	-34.828	1.43898601706304e-06	3.23155789065422e-07	-3.23155789065422e-07
6490.514	23.831	-23.808	1.44563502978105e-06	3.24182478239144e-07	-3.24182478239144e-07
6529.760	19.688	-15.415	1.76406350029073e-06	3.96729622241247e-07	-3.96729622241247e-07
6570.874	18.690	-21.427	1.67473728449739e-06	3.7718382913097e-07	-3.7718382913097e-07
6620.123	34.632	-30.558	1.12599287679981e-06	2.53962125526289e-07	-2.53962125526289e-07
6691.445	23.486	-36.69	1.30751469472372e-06	2.86888484484727e-07	-2.86888484484727e-07
6736.107	21.448	-21.177	1.74839776600044e-06	3.92640726759171e-07	-3.92640726759171e-07
6786.237	31.493	-28.682	1.31020231714719e-06	2.94234479736615e-07	-2.94234479736615e-07
6849.057	21.328	-31.326	1.67771716530084e-06	3.77310776204415e-07	-3.77310776204415e-07
6900.576	22.462	-30.191	1.56352306686713e-06	3.52644815607347e-07	-3.52644815607347e-07
6956.106	34.630	-33.068	9.31212153121532e-07	2.08225406112475e-07	-2.08225406112475e-07
7019.426	36.500	-28.69	7.447870369496e-07	1.67499138250658e-07	-1.67499138250658e-07
7075.974	27.592	-20.048	1.19290719149984e-06	2.67124821350204e-07	-2.67124821350204e-07
7142.887	43.420	-39.321	8.11328336776853e-07	1.82991067705471e-07	-1.82991067705471e-07
7232.549	28.977	-46.242	1.2648513459229e-06	2.6740294214951e-07	-2.6740294214951e-07
7289.720	24.460	-28.194	1.78566498859615e-06	4.04500743601075e-07	-4.04500743601075e-07
7345.140	31.723	-30.96	1.46918361789946e-06	3.21919717874158e-07	-3.21919717874158e-07
7420.331	39.274	-43.468	6.9690583695824e-07	1.5809703595563e-07	-1.5809703595563e-07
7492.119	27.661	-32.514	7.47030674435654e-07	1.63909784714371e-07	-1.63909784714371e-07
7558.237	34.256	-38.456	5.63274072819085e-07	1.29284106274369e-07	-1.29284106274369e-07
7621.302	33.874	-28.809	6.72323150780408e-07	1.48741686398194e-07	-1.48741686398194e-07
7692.515	32.866	-37.339	5.46485146129875e-07	1.23079220525754e-07	-1.23079220525754e-07
7779.132	36.513	-53.751	4.35810613106913e-07	9.68183086771262e-08	-9.68183086771262e-08
7865.309	55.625	-49.664	6.13160266685333e-07	1.07955708444392e-07	-1.07955708444392e-07
11342.938	34.997	-35.208	1.40096979173941e-06	3.14489154278617e-07	-3.14489154278617e-07
11440.455	37.772	-62.521	9.3799193150173e-07	2.10971768729158e-07	-2.10971768729158e-07
11524.833	53.687	-46.605	8.16588560732555e-07	1.84206050871755e-07	-1.84206050871755e-07
11611.346	39.886	-32.826	9.11553291792414e-07	2.04425608591636e-07	-2.04425608591636e-07
11715.991	55.592	-64.759	3.39046356109649e-07	7.60347810646024e-08	-7.60347810646024e-08
11809.154	65.229	-37.571	2.53530382135991e-07	5.68569131127932e-08	-5.68569131127932e-08
11925.134	34.498	-50.751	3.21733555523875e-07	7.23638191163427e-08	-7.23638191163427e-08
12029.004	76.053	-69.372	2.11110675040965e-07	4.76690897429233e-08	-4.76690897429233e-08
12151.416	51.426	-46.36	3.78828261428965e-07	8.51222241025902e-08	-8.51222241025902e-08
12243.317	32.237	-40.475	5.99439897322073e-07	1.34430817155696e-07	-1.34430817155696e-07
12344.936	60.999	-69.382	4.01854447998645e-07	9.02081021458352e-08	-9.02081021458352e-08
12459.818	41.395	-53.883	4.46221501569292e-07	1.00856444131419e-07	-1.00856444131419e-07
12540.436	35.997	-39.223	4.48553317843772e-07	1.00592890879607e-07	-1.00592890879607e-07
12635.191	51.564	-58.758	2.50608909379074e-07	5.49416171713812e-08	-5.49416171713812e-08
12730.018	34.464	-43.263	3.8604203767335e-07	8.45543813368412e-08	-8.45543813368412e-08
12826.118	48.686	-61.637	2.8197350491555e-07	6.34831273307001e-08	-6.34831273307001e-08
12951.951	40.697	-77.147	3.03217158851295e-07	6.6413318773745e-08	-6.6413318773745e-08
13104.921	43.181	-112.273	2.63757856137759e-07	5.92660767983742e-08	-5.92660767983742e-08
13204.232	49.177	-56.13	4.29860821521567e-07	9.67782782534937e-08	-9.67782782534937e-08
13304.394	51.816	-50.984	4.76887721853955e-07	1.06947191834938e-07	-1.06947191834938e-07
13431.637	62.476	-75.427	3.82475361453107e-07	8.68749919656699e-08	-8.68749919656699e-08
13611.199	70.944	-117.086	4.21273748137509e-07	7.875648326767e-08	-7.875648326767e-08
17114.367	49.158	-48.627	2.03949201067823e-07	4.60369401029e-08	-4.60369401029e-08
17205.247	53.556	-41.722	1.95214954336628e-07	4.38988538710884e-08	-4.38988538710884e-08
17302.789	33.741	-43.986	3.22943320236789e-07	7.28281386121531e-08	-7.28281386121531e-08
17392.526	61.847	-55.996	2.84634261075288e-07	6.40069689452856e-08	-6.40069689452856e-08
17517.401	59.831	-63.028	2.99816181482309e-07	6.74847672521054e-08	-6.74847672521054e-08
17652.108	47.982	-74.876	2.37328390297941e-07	5.21627013784318e-08	-5.21627013784318e-08
17750.871	49.513	-50.78	2.38588083208353e-07	5.22043320586696e-08	-5.22043320586696e-08
17851.126	49.550	-50.743	2.56486721020406e-07	5.75142948980324e-08	-5.75142948980324e-08
17952.807	40.640	-52.131	3.10906363093176e-07	6.99810186602682e-08	-6.99810186602682e-08
18045.336	38.375	-51.889	3.32408161351591e-07	7.44686330594951e-08	-7.44686330594951e-08
18145.483	53.564	-61.772	2.20672230925289e-07	4.97174966736446e-08	-4.97174966736446e-08
18264.699	77.265	-65.652	1.52375108491474e-07	3.42652727422245e-08	-3.42652727422245e-08
18391.207	61.080	-49.242	2.06029078887209e-07	4.62869439103485e-08	-4.62869439103485e-08
18486.879	30.599	-34.592	3.88214340211999e-07	8.72171035148145e-08	-8.72171035148145e-08
18564.834	60.458	-47.357	2.55218606211041e-07	5.76098522612692e-08	-5.76098522612692e-08
18695.095	58.071	-69.803	1.80712517421927e-07	4.06760633790649e-08	-4.06760633790649e-08
18844.504	64.116	-91.338	1.17529166448408e-07	2.65799769439508e-08	-2.65799769439508e-08
18958.117	48.288	-49.498	1.62459551904947e-07	3.64297401137834e-08	-3.64297401137834e-08
19083.777	73.068	-77.372	1.28234059329763e-07	2.81593434188414e-08	-2.81593434188414e-08
19206.194	38.407	-49.349	2.59277485774606e-07	5.6884388876602e-08	-5.6884388876602e-08
19290.464	56.938	-45.862	2.2744741035427e-07	5.1341133792717e-08	-5.1341133792717e-08
19390.603	49.569	-43.202	1.76768817160366e-07	3.70449105526379e-08	-3.70449105526379e-08
22817.082	61.207	-69.173	1.32217533058979e-07	3.00822300114969e-08	-3.00822300114969e-08
22924.036	47.024	-45.747	1.94806127477888e-07	4.3781525859914e-08	-4.3781525859914e-08
23040.106	58.827	-69.046	1.46753958948696e-07	3.30493010025127e-08	-3.30493010025127e-08
23182.133	114.878	-83.2	4.71928360631186e-07	1.04211485855001e-07	-1.04211485855001e-07
23363.425	48.923	-66.414	1.81275136873243e-07	4.08235592334586e-08	-4.08235592334586e-08
23509.776	95.636	-97.428	1.74401074891945e-07	3.8384033261153e-08	-3.8384033261153e-08
23742.366	91.212	-136.955	9.86865203758401e-08	2.23140768478692e-08	-2.23140768478692e-08
23878.440	57.938	-44.862	2.24383572515951e-07	5.04255253950987e-08	-5.04255253950987e-08
24016.836	57.445	-80.458	1.02413023298249e-07	2.30401574296521e-08	-2.30401574296521e-08
24115.641	33.859	-41.36	1.67284625635968e-07	3.65044947775925e-08	-3.65044947775925e-08
24205.511	66.848	-56.01	8.4596439419975e-08	1.90513017430386e-08	-1.90513017430386e-08
24336.505	91.309	-64.146	6.27753024772224e-08	1.41083715913523e-08	-1.41083715913523e-08
24483.134	52.489	-55.32	1.00357160296061e-07	2.20057788479705e-08	-2.20057788479705e-08
29966.178	59.564	-60.787	2.43623484693754e-07	5.46641792534381e-08	-5.46641792534381e-08
30069.847	43.652	-44.105	3.11859582871968e-07	6.83523410848038e-08	-6.83523410848038e-08
30159.745	54.047	-46.246	2.11543721528958e-07	4.73026206270508e-08	-4.73026206270508e-08
30265.556	41.007	-51.764	1.84687509882498e-07	4.14879471597763e-08	-4.14879471597763e-08
30400.195	69.345	-93.632	1.01509246277018e-07	2.2346632517867e-08	-2.2346632517867e-08
30510.145	44.643	-40.606	1.72108733264477e-07	3.87965043492023e-08	-3.87965043492023e-08
30622.838	67.346	-68.049	1.01591550869247e-07	2.28213767911554e-08	-2.28213767911554e-08
30751.241	44.250	-61.057	1.35259371671811e-07	2.96131647715737e-08	-2.96131647715737e-08
30876.684	84.280	-81.193	1.27573408263045e-07	2.33631537555028e-08	-2.33631537555028e-08
34493.803	79.009	-78.952	2.30037767977124e-07	5.16868288503485e-08	-5.16868288503485e-08
34640.247	60.438	-67.435	2.28902057330837e-07	5.13819046067297e-08	-5.13819046067297e-08
34779.646	51.419	-78.961	1.38603411300528e-07	3.04692387251037e-08	-3.04692387251037e-08
34890.721	63.203	-59.656	9.27339791739848e-08	2.08766338743269e-08	-2.08766338743269e-08
35015.590	76.237	-61.666	8.1502645278059e-08	1.83659992089748e-08	-1.83659992089748e-08
35163.271	46.400	-71.444	1.10128853853413e-07	2.36242771215574e-08	-2.36242771215574e-08
35310.041	90.186	-100.371	6.38495631700325e-08	1.44159762843032e-08	-1.44159762843032e-08
35452.862	70.223	-52.635	9.16395785956747e-08	2.05704467168879e-08	-2.05704467168879e-08
35595.898	52.553	-72.813	8.32533283600711e-08	1.86519311385198e-08	-1.86519311385198e-08
35742.187	71.748	-93.736	5.73463282405057e-08	1.29476746906677e-08	-1.29476746906677e-08
35903.661	65.728	-89.726	5.55163999542858e-08	1.25223414635353e-08	-1.25223414635353e-08
36059.192	88.217	-89.803	5.03914457483558e-08	1.10775692518765e-08	-1.10775692518765e-08
36295.802	119.874	-148.393	4.49904147278916e-08	8.56719132173245e-09	-8.56719132173245e-09
40126.864	96.501	-110.749	6.13946073733837e-08	1.38214532490359e-08	-1.38214532490359e-08
40452.700	221.979	-229.334	4.51056334910538e-08	7.4945372169187e-09	-7.4945372169187e-09
46100.873	273.511	-215.413	3.88714494291569e-08	6.75440584472118e-09	-6.75440584472118e-09
51832.292	115.802	-177.553	4.31714417937671e-08	1.13201928598856e-08	-1.13201928598856e-08
52084.045	109.763	-135.951	5.67556974585171e-08	1.4291532276987e-08	-1.4291532276987e-08
57557.735	89.890	-145.798	4.7903216918155e-08	1.25420940962474e-08	-1.25420940962474e-08
57789.071	126.837	-141.446	4.14800615218724e-08	1.08931209178784e-08	-1.08931209178784e-08
58013.292	120.748	-97.384	6.83303984483283e-08	1.54047465473314e-08	-1.54047465473314e-08
63322.695	142.884	-147.964	3.54463852317647e-08	9.25519623461235e-09	-9.25519623461235e-09
63623.750	130.171	-158.17	3.54473619028899e-08	9.23945548232587e-09	-9.23945548232587e-09
63918.104	156.748	-164.182	3.78727681103582e-08	9.0427885688971e-09	-9.0427885688971e-09
69237.682	237.724	-298.838	3.15613899914359e-08	7.7289223033382e-09	-7.7289223033382e-09
74989.757	185.247	-261.055	5.94489616662644e-08	1.55048151130848e-08	-1.55048151130848e-08
75375.787	157.763	-200.783	7.67357809704716e-08	2.00021426965919e-08	-2.00021426965919e-08
75898.236	357.411	-364.686	5.67621610007274e-08	1.17581283938624e-08	-1.17581283938624e-08
80589.823	191.546	-151.955	3.06985600578723e-08	7.99296555937608e-09	-7.99296555937608e-09
80992.166	170.315	-210.796	2.57753852678387e-08	6.69787416504513e-09	-6.69787416504513e-09
81403.409	180.904	-240.929	2.20643542679574e-08	5.78205553745359e-09	-5.78205553745359e-09
81978.446	455.220	-394.132	2.2416690779199e-08	4.86248073668529e-09	-4.86248073668529e-09
87260.885	1293.844	-1129.986	1.67383037222754e-08	2.82781882919114e-09	-2.82781882919114e-09
92275.208	320.927	-280.828	1.47367564921262e-08	3.84963829840715e-09	-3.84963829840715e-09
92958.816	246.597	-362.681	1.48636961171233e-08	3.87734232653671e-09	-3.87734232653671e-09
93454.316	204.922	-248.903	2.1382374144346e-08	5.37832304443054e-09	-5.37832304443054e-09
93987.984	338.184	-328.747	1.90825861109014e-08	4.20876720991612e-09	-4.20876720991612e-09
98034.592	376.835	-340.257	1.41293787887783e-08	3.71003065444393e-09	-3.71003065444393e-09
98724.333	218.646	-312.905	1.92333689287127e-08	5.02378742796754e-09	-5.02378742796754e-09
99210.722	256.287	-267.743	1.97241715661237e-08	5.14301570277479e-09	-5.14301570277479e-09
99778.605	305.188	-311.596	2.01595731407089e-08	4.81625112078562e-09	-4.81625112078562e-09
103675.017	300.823	-238.247	3.3621886484255e-08	7.05703321711861e-09	-7.05703321711861e-09
109895.435	499.256	-548.795	1.71626112987982e-08	3.5491988419504e-09	-3.5491988419504e-09
116201.567	1166.962	-1179.489	1.41826400086347e-08	2.66106963512483e-09	-2.66106963512483e-09
121696.685	1430.290	-882.61	1.68145573172873e-08	3.17164684995625e-09	-3.17164684995625e-09
128140.014	748.649	-1658.862	1.66768858681768e-08	3.63592943841048e-09	-3.63592943841048e-09
133340.771	1112.298	-1011.909	1.2804845408629e-08	3.1150997393301e-09	-3.1150997393301e-09
167813.608	1022.125	-946.106	5.14202656585037e-09	1.14449403522365e-09	-1.14449403522365e-09
176378.592	2673.915	-3715.053	3.94697506158414e-09	1.0634502877651e-09	-1.0634502877651e-09
179729.006	1008.403	-676.499	6.5831198156557e-09	1.73660200985444e-09	-1.73660200985444e-09
207662.641	13401.758	-23510.669	5.48370869950414e-09	1.00484276135055e-09	-1.00484276135055e-09
317976.096	64279.992	-70179.603	5.45537024884844e-09	1.26473587332859e-09	-1.26473587332859e-09
491902.906	45331.077	-70982.289	4.30574621274638e-09	1.08234293836208e-09	-1.08234293836208e-09
877130.744	288543.640	-283351.15	2.2878920358047e-09	5.79611572663415e-10	-5.79611572663415e-10
NO NO NO NO NO NO
! xrtpcgamma
844.606	5.931	-4.099	1.92451603703061	0.377553327994064	-0.278901167636658
854.534	6.032	-3.997	1.77889854829694	0.279978745781727	-0.206837866905699
867.952	7.658	-7.386	1.58475772730794	0.215757422279375	-0.159022042156051
884.375	6.279	-8.765	1.35118289460874	0.299302811871268	-0.220062900328821
900.965	9.748	-10.311	1.5600495560579	0.21746774460736	-0.160266855631625
919.953	8.310	-9.241	1.80207078056655	0.276562530379123	-0.204684088483146
938.813	9.510	-10.549	1.70787442293064	0.233079166783789	-0.171044240280463
961.463	9.425	-13.141	1.48243452945042	0.292436075006738	-0.208877947173268
979.898	13.556	-9.01	1.53980321543276	0.254229651911442	-0.182275744256332
1000.169	8.329	-6.715	1.73854567039553	0.254579872103964	-0.187544579366264
1016.241	7.301	-7.743	1.77915906551018	0.260585502651398	-0.192307429933819
1033.295	15.320	-9.754	1.68058070564344	0.227276520455597	-0.166013708860293
1056.902	9.264	-8.287	1.62985968095991	0.280948917554844	-0.204235127190984
1074.928	8.789	-8.762	1.7933660902833	0.219453417726327	-0.162074014871301
1091.459	7.302	-7.742	1.94091946535995	0.285189336741783	-0.212932316644357
1108.238	10.582	-9.476	1.83200485367575	0.224527791990102	-0.167217357038878
1130.631	8.248	-11.811	1.64050982123884	0.256520298525945	-0.18914046201875
1148.379	5.543	-9.501	1.49693420026219	0.23908764105343	-0.175684348953513
1162.927	8.547	-9.004	1.38468276106804	0.238381576552615	-0.172506388224589
1184.621	9.419	-13.147	1.40153027586975	0.264978723401841	-0.191309253645001
1206.432	12.681	-12.392	1.64252183074743	0.22488359217726	-0.165921141584609
1226.852	9.812	-7.739	1.81906822270231	0.286990190966205	-0.213466346773507
1251.809	14.943	-15.145	1.60606027994406	0.226374881569783	-0.164833986411408
1272.445	6.843	-5.694	1.43311527747033	0.31979063543606	-0.230191081413881
1287.801	11.546	-8.513	1.37854461033766	0.235747751902753	-0.170097243540036
1307.770	9.128	-8.423	1.31675757845337	0.286108006498304	-0.207851042085821
1324.529	7.413	-7.631	1.47767343327645	0.22943562569141	-0.167388165293083
1339.208	7.778	-7.266	1.66611747838786	0.241620238304864	-0.178419070059292
1356.750	10.295	-9.764	1.79030855894372	0.255875862729639	-0.189263959153077
1377.339	7.257	-10.295	1.79387025954273	0.231123780028404	-0.170293836707111
1394.081	8.067	-9.485	1.77934974315183	0.297113057322278	-0.218665610752533
1413.889	13.331	-11.742	1.61468542393419	0.233241090173315	-0.168245113272909
1433.961	8.304	-6.74	1.4514371418013	0.341706014129078	-0.243056832731397
1456.391	10.947	-14.127	1.48189064673421	0.240649636645051	-0.171725976700662
1477.106	10.291	-9.768	1.51135236618387	0.333187147162585	-0.238370541765429
1498.296	9.159	-10.899	1.60588474905337	0.230472323362086	-0.166843700931458
1520.746	11.782	-13.292	1.70459065803443	0.290084238963358	-0.21380870781505
1544.591	10.503	-12.063	1.64104465482133	0.224335568710476	-0.164205108125586
1565.106	12.554	-10.012	1.5668773692954	0.281986351609374	-0.204247697774193
1585.558	7.146	-7.898	1.51463637129695	0.240939120732901	-0.174094986401376
1607.684	7.585	-14.981	1.47040866679144	0.306749622501218	-0.220220143323509
1623.242	7.072	-7.972	1.64935714014538	0.251632014796364	-0.181641401696865
1640.457	9.915	-10.144	1.90368880416629	0.225270217792115	-0.16791956420678
1662.661	12.784	-12.289	2.03132841368846	0.255104256695485	-0.19185364167026
1685.120	10.384	-9.675	1.80329816731148	0.225434001578752	-0.164731426793273
1709.906	13.178	-14.402	1.55514282843577	0.327879128729278	-0.235539277731941
1734.129	9.014	-11.044	1.55871226146076	0.229246730250701	-0.166061425242061
1755.366	10.343	-12.223	1.57144822377419	0.291977589910017	-0.213655726218315
1776.733	9.034	-11.024	1.67760143838646	0.23242444418163	-0.170712200222502
1800.108	13.240	-14.34	1.81135943246661	0.234271493251207	-0.174609302322998
1827.565	8.349	-14.217	1.89573871675489	0.248455648501583	-0.185646462154842
1855.192	15.824	-19.278	1.89691665497922	0.212281284429419	-0.158705688571837
1881.036	10.039	-10.02	1.89800279794078	0.280768066917392	-0.209973517794447
1904.612	14.044	-13.537	1.70000750155456	0.223682089337414	-0.166644282078623
1927.545	11.169	-8.89	1.47312861661872	0.227712695179672	-0.167394859337953
1956.366	14.943	-17.652	1.35891828802391	0.264148723250835	-0.193626941212918
1978.574	10.287	-7.265	1.56737868213193	0.207898972509478	-0.1544781306884
2003.834	12.607	-14.973	1.80166181779119	0.254641313230721	-0.192311730117976
2029.815	11.699	-13.374	1.69119837305568	0.217230590617729	-0.160969970204936
2050.287	6.272	-8.772	1.50418431871092	0.274645383243208	-0.19660288062819
2071.089	10.543	-14.53	1.41623405566807	0.285382618558588	-0.204088233553423
2099.923	9.289	-18.291	1.42644227529582	0.204672021744148	-0.152244507294936
2125.997	10.795	-16.785	1.43555339039888	0.250757957101034	-0.192398712245065
2151.075	10.779	-14.283	1.43778818897532	0.253449999063137	-0.194473364886154
5545.503	23.584	-21.548	1.58466676170278	0.328292143682265	-0.236735649996862
5602.041	27.221	-32.954	1.65351180279455	0.276817040847266	-0.199875880786893
5656.820	22.589	-27.558	1.805370673468	0.222742870014475	-0.163969601802618
5715.961	33.652	-36.552	1.96767982170945	0.300458123756726	-0.224112886445788
5775.050	22.202	-25.437	1.6967680554361	0.230785718572822	-0.167153828126944
5811.032	23.830	-13.78	1.53242762619631	0.298974283261708	-0.212994680770538
5852.401	20.071	-17.539	1.64516681864454	0.285161106751524	-0.203475123154187
5903.163	26.977	-30.691	1.98871933630875	0.217095526687896	-0.160011285988548
5958.333	19.446	-28.193	2.35877054808044	0.245350562163612	-0.188473161768959
6006.000	21.925	-28.221	2.37650600150766	0.233500535914016	-0.179379881473807
6066.751	28.872	-38.825	2.18903430281753	0.204900842165759	-0.154552413888963
6125.186	30.613	-29.563	2.01047251512851	0.251021819313756	-0.186324819793138
6181.718	34.257	-25.919	1.89416311338269	0.269398017298267	-0.199595881898436
6248.016	18.104	-32.042	1.89613168278899	0.221193585751767	-0.164165688804039
6291.176	30.105	-25.056	1.89740202760308	0.282678859258943	-0.209945038358913
6335.545	10.809	-14.264	1.79188028443809	0.235002893319982	-0.173503475537559
6381.553	27.485	-35.198	1.65038052995795	0.251997382075948	-0.181825856944078
6443.866	22.840	-34.828	1.6059756441469	0.258529554477487	-0.186157794268821
6490.514	23.831	-23.808	1.7019696279088	0.243358770880399	-0.17792566398065
6529.760	19.688	-15.415	1.7590306602392	0.294181585384188	-0.215790793074907
6570.874	18.690	-21.427	1.71910994083793	0.226786690753939	-0.165729282072028
6620.123	34.632	-30.558	1.67161784579461	0.289728345988859	-0.210539771528335
6691.445	23.486	-36.69	1.66241583576587	0.229077515906272	-0.166438661599602
6736.107	21.448	-21.177	1.66449424026257	0.281873079547858	-0.204793446309715
6786.237	31.493	-28.682	1.63013707169888	0.252594733266802	-0.183233333188841
6849.057	21.328	-31.326	1.56349221568299	0.273282731543011	-0.196309894965525
6900.576	22.462	-30.191	1.60366962792232	0.276999427403318	-0.199180011931981
6956.106	34.630	-33.068	1.74587733761922	0.221868778477973	-0.163456910389386
7019.426	36.500	-28.69	1.88180504601662	0.284567573655023	-0.212882169664662
7075.974	27.592	-20.048	1.80252556814244	0.219732194202082	-0.163274465207588
7142.887	43.420	-39.321	1.70952887501979	0.253196646734966	-0.185317580130179
7232.549	28.977	-46.242	1.59878486520916	0.235903281623355	-0.171231490424757
7289.720	24.460	-28.194	1.53515875053386	0.277050986235397	-0.198032198954262
7345.140	31.723	-30.96	1.57799889795237	0.286360563713329	-0.204693179608198
7420.331	39.274	-43.468	1.78252218047395	0.230385440151019	-0.169312472887047
7492.119	27.661	-32.514	1.94215693456278	0.288878858032131	-0.214646396948823
7558.237	34.256	-38.456	1.95958164185476	0.221612988172053	-0.165901736146057
7621.302	33.874	-28.809	1.97606030889331	0.181294071664466	-0.139498651060677
7692.515	32.866	-37.339	1.99450488681367	0.182748337861273	-0.146162439563748
7779.132	36.513	-53.751	1.99927969923803	0.211327179136488	-0.170290133223753
7865.309	55.625	-49.664	1.97947421131064	0.205615532028112	-0.165626646329844
11342.938	34.997	-35.208	1.32127200797205	0.318358490837136	-0.229517850933146
11440.455	37.772	-62.521	1.34761445520809	0.263553158535907	-0.18980939364348
11524.833	53.687	-46.605	1.42259235390145	0.253566528450299	-0.180829049681311
11611.346	39.886	-32.826	1.53730713520752	0.308818113830816	-0.219845787466557
11715.991	55.592	-64.759	1.78571002350925	0.224057634429392	-0.163803301264205
11809.154	65.229	-37.571	2.00499750295977	0.266618934328217	-0.200320850697585
11925.134	34.498	-50.751	2.00034371824362	0.224736558817964	-0.168488903087187
12029.004	76.053	-69.372	1.92987132070156	0.225329988715533	-0.167141034901019
12151.416	51.426	-46.36	1.84335217321235	0.290643765829083	-0.214769372713228
12243.317	32.237	-40.475	1.75613850668171	0.225217598502643	-0.16501908196406
12344.936	60.999	-69.382	1.6604613988498	0.284799856421582	-0.206205208458477
12459.818	41.395	-53.883	1.76057262877329	0.238593394036667	-0.173771988098628
12540.436	35.997	-39.223	1.89267850090697	0.227339452698204	-0.169110946242269
12635.191	51.564	-58.758	2.01005885458296	0.277455191593908	-0.207875113431391
12730.018	34.464	-43.263	1.97120014883596	0.214412745726674	-0.160145739987536
12826.118	48.686	-61.637	1.93211399056064	0.245208419949705	-0.18222027898713
12951.951	40.697	-77.147	1.87195724915142	0.249739099725054	-0.185270409947202
13104.921	43.181	-112.273	1.78876977502974	0.241018490809284	-0.176721060939591
13204.232	49.177	-56.13	1.73623001593249	0.311594839947626	-0.227986417530641
13304.394	51.816	-50.984	1.69803600965355	0.229923831128865	-0.169117422837765
13431.637	62.476	-75.427	1.64992797432413	0.22587762863322	-0.169550434827283
13611.199	70.944	-117.086	1.63430299427657	0.272875460135496	-0.205534536509778
17114.367	49.158	-48.627	2.04954947313283	0.288027635114633	-0.216389933238685
17205.247	53.556	-41.722	2.05896509196888	0.294272419061614	-0.221081263375934
17302.789	33.741	-43.986	1.90845041949981	0.220319743855245	-0.163834038844548
17392.526	61.847	-55.996	1.77072695226721	0.248551857811536	-0.181197063235526
17517.401	59.831	-63.028	1.71822939653067	0.270019607458121	-0.196352807450719
17652.108	47.982	-74.876	1.86242619660852	0.225693700667149	-0.167367517701991
17750.871	49.513	-50.78	1.96744939317078	0.297433180703867	-0.222058344764182
17851.126	49.550	-50.743	1.91016850994049	0.219559808755535	-0.163340069756084
17952.807	40.640	-52.131	1.84855216739839	0.251756443255826	-0.185861594144362
18045.336	38.375	-51.889	1.84108307689164	0.272931772640333	-0.201394060161357
18145.483	53.564	-61.772	1.91016482117058	0.215623933148775	-0.160090319899739
18264.699	77.265	-65.652	1.99190505988204	0.264163168660952	-0.19776817417684
18391.207	61.080	-49.242	1.9663887086305	0.223672313766064	-0.167040935945057
18486.879	30.599	-34.592	1.9144861010173	0.230436072988259	-0.170682349090554
18564.834	60.458	-47.357	1.87239327847129	0.296582190837558	-0.21916869655034
18695.095	58.071	-69.803	1.95793735561943	0.228422417775768	-0.169590111863373
18844.504	64.116	-91.338	2.07292741292565	0.221417478274667	-0.167731944577477
18958.117	48.288	-49.498	2.14418678463945	0.272431441659717	-0.207232177663434
19083.777	73.068	-77.372	2.0723032333428	0.201885011657858	-0.153755700026047
19206.194	38.407	-49.349	2.00272855688867	0.214578357538666	-0.163849469790002
19290.464	56.938	-45.862	1.95509163628925	0.266526276082726	-0.203618646574335
19390.603	49.569	-43.202	1.94913780775303	0.265300185520259	-0.202676412954314
22817.082	61.207	-69.173	1.90331559398937	0.299317974515664	-0.2219126224178
22924.036	47.024	-45.747	1.89832787952691	0.293349836521845	-0.217492882461511
23040.106	58.827	-69.046	1.87248706881234	0.225248279785943	-0.167598491678958
23182.133	114.878	-83.2	1.84104394494586	0.213602296291562	-0.161036066859594
23363.425	48.923	-66.414	1.82175446190094	0.255048933337968	-0.193086787930937
23509.776	95.636	-97.428	1.85209887953085	0.210099774994669	-0.157821189761578
23742.366	91.212	-136.955	1.89993757850429	0.264192771933895	-0.195136116048104
23878.440	57.938	-44.862	1.95033610074298	0.276898598420272	-0.204509777803503
24016.836	57.445	-80.458	2.04148273139214	0.201646928272186	-0.151907465265582
24115.641	33.859	-41.36	2.10623423728617	0.186236244810519	-0.145074727012709
24205.511	66.848	-56.01	2.16490024235251	0.208158917316658	-0.165244830906496
24336.505	91.309	-64.146	2.186036954203	0.227679709101683	-0.181095133494779
24483.134	52.489	-55.32	2.16766213045396	0.221593204647519	-0.176191456414457
29966.178	59.564	-60.787	1.54950287251462	0.33065780951109	-0.237625639321931
30069.847	43.652	-44.105	1.60443112597401	0.270209309586667	-0.19450865515848
30159.745	54.047	-46.246	1.71680652494556	0.229592163787083	-0.16808507930697
30265.556	41.007	-51.764	1.83144886800468	0.296764306129874	-0.219098656333759
30400.195	69.345	-93.632	1.87249939478941	0.214124091266998	-0.159925634346437
30510.145	44.643	-40.606	1.90588777913042	0.177036604382528	-0.137170514523436
30622.838	67.346	-68.049	1.93998449628428	0.18678368065885	-0.150138199127546
30751.241	44.250	-61.057	1.94875662092802	0.207492474807734	-0.167511416151035
30876.684	84.280	-81.193	1.93040947734774	0.200937915053184	-0.162112897763798
34493.803	79.009	-78.952	1.43115281949057	0.320794069720751	-0.23097060208627
34640.247	60.438	-67.435	1.54215716962153	0.270600247161325	-0.195203319887487
34779.646	51.419	-78.961	1.81282168954886	0.220642629798881	-0.163580166650173
34890.721	63.203	-59.656	2.02771535786381	0.281345283243636	-0.211369621487007
35015.590	76.237	-61.666	2.03700333952103	0.226588093584182	-0.170122001555762
35163.271	46.400	-71.444	2.01107684784279	0.222736905093832	-0.166640528472372
35310.041	90.186	-100.371	1.99449724788105	0.289456785423675	-0.2163505564554
35452.862	70.223	-52.635	2.03427875305491	0.228280511752595	-0.171462527028156
35595.898	52.553	-72.813	2.07395984674493	0.184074150013264	-0.141222330887992
35742.187	71.748	-93.736	2.11437879662806	0.170405235280131	-0.135766431599313
35903.661	65.728	-89.726	2.15880165551641	0.199216113103396	-0.161940012860228
36059.192	88.217	-89.803	2.16428927169685	0.202114552001399	-0.164333508447841
36295.802	119.874	-148.393	2.16233539264681	0.194419441942537	-0.158059309334025
40126.864	96.501	-110.749	2.13235807753782	0.169475582257702	-0.135088633252906
40452.700	221.979	-229.334	2.12994201559724	0.176283931202908	-0.140332031458039
46100.873	273.511	-215.413	2.03913121178623	0.176130462342154	-0.139640305363306
51832.292	115.802	-177.553	1.93160264325604	0.186268860457883	-0.146834481840713
52084.045	109.763	-135.951	1.92715646768403	0.189065320511421	-0.149019687552976
57557.735	89.890	-145.798	1.90121602448074	0.193217439292614	-0.151668395256541
57789.071	126.837	-141.446	1.90477107788378	0.190057688251208	-0.149047264822605
58013.292	120.748	-97.384	1.90820323613571	0.187384572735947	-0.146798808444804
63322.695	142.884	-147.964	1.98581747097096	0.233085559490121	-0.177842767745795
63623.750	130.171	-158.17	1.99002119321829	0.240141304838505	-0.183159603690117
63918.104	156.748	-164.182	1.99411215935945	0.247273118999143	-0.188549360290443
69237.682	237.724	-298.838	1.77970050951335	0.201077023441136	-0.152092349251134
74989.757	185.247	-261.055	1.48477092173449	0.275385974463184	-0.205415357050211
75375.787	157.763	-200.783	1.46579578303464	0.285056661982087	-0.212619584923965
75898.236	357.411	-364.686	1.49965396703165	0.268585739280291	-0.200361688778708
80589.823	191.546	-151.955	1.9546781688257	0.239430343879718	-0.183355048412256
80992.166	170.315	-210.796	1.99245888221307	0.255289531254502	-0.195595398654338
81403.409	180.904	-240.929	2.02646174514052	0.269386041574002	-0.206420463941413
81978.446	455.220	-394.132	2.0292236725483	0.252965186794419	-0.193871503065158
87260.885	1293.844	-1129.986	2.0537251788977	0.168470621895458	-0.13329705827412
92275.208	320.927	-280.828	2.06373648555712	0.189025059482561	-0.152239113901475
92958.816	246.597	-362.681	2.05972699631459	0.176874001024226	-0.142308823170433
93454.316	204.922	-248.903	2.0568391845308	0.16982869776956	-0.136483922258722
93987.984	338.184	-328.747	2.05374600279636	0.164106684209079	-0.13166930780346
98034.592	376.835	-340.257	2.03084767057275	0.188371209822871	-0.149009107219217
98724.333	218.646	-312.905	2.02703916946674	0.201953671115566	-0.159619263406812
99210.722	256.287	-267.743	2.02436946856361	0.212511616309611	-0.167907442568308
99778.605	305.188	-311.596	2.02126897403268	0.225666783298874	-0.178267052222057
103675.017	300.823	-238.247	1.98383222290043	0.190638793084811	-0.148915613277606
109895.435	499.256	-548.795	1.92367266814085	0.233911041438474	-0.174482705719129
116201.567	1166.962	-1179.489	1.87912403765593	0.239460773713955	-0.177660353679377
121696.685	1430.290	-882.61	1.8566528495339	0.248961398613629	-0.183413261513305
128140.014	748.649	-1658.862	1.8826370256437	0.280575160877488	-0.206627050529122
133340.771	1112.298	-1011.909	1.93255346754066	0.243362688955581	-0.179677277344785
167813.608	1022.125	-946.106	2.1403591060739	0.259245482874998	-0.196664867755666
176378.592	2673.915	-3715.053	2.08383271206807	0.230995740980561	-0.174403962956232
179729.006	1008.403	-676.499	2.06246460099112	0.22386166180835	-0.168462009964674
207662.641	13401.758	-23510.669	1.89841783299747	0.248138237219736	-0.180475436276076
317976.096	64279.992	-70179.603	1.67310616419133	0.253892498771903	-0.181956105701352
491902.906	45331.077	-70982.289	1.52986849628341	0.298663901163655	-0.208257383020663
877130.744	288543.640	-283351.15	1.33998981530697	0.527508775589562	-0.367856973102707
