READ TERR 1 2
! xrtwtslewflux
88.1466781333487	0.341995868447952	-0.406992137872948	0.000184558997221109	2.75561533664947e-05	-2.75561533664947e-05
88.923054745737	0.407224204103542	-0.434380743940267	0.000190380168578365	2.9265614654359e-05	-2.9265614654359e-05
89.7253681844407	0.361057792415508	-0.395089234600192	0.000209071843136646	3.1571489079266e-05	-3.1571489079266e-05
90.5214039033456	0.630603097203704	-0.434977926489395	0.00024609606904879	4.14260830407797e-05	-4.14260830407797e-05
91.8611152438447	0.425992717436117	-0.709108243295375	0.000327996260209673	4.8992026539734e-05	-4.8992026539734e-05
92.9404066128141	0.574299359960406	-0.653298651533305	0.000323091009412958	4.7747213356024e-05	-4.7747213356024e-05
94.2209122453044	0.704675723624874	-0.706206272529926	0.000271513339919433	4.55945715575691e-05	-4.55945715575691e-05
95.4491322639046	0.382056729652376	-0.523544294975324	0.000379760557575241	7.51422062779207e-05	-7.51422062779207e-05
96.5764051403615	0.783956852951292	-0.745216146804495	0.00045205890955533	6.74790868156298e-05	-6.74790868156298e-05
NO NO NO NO NO NO
! xrtwtslewgamma
88.1466781333487	0.341995868447952	-0.406992137872948	1.07784276024265	0.214563703955847	-0.177459995164475
88.923054745737	0.407224204103542	-0.434380743940267	1.05485279401213	0.186047740024167	-0.153782878186496
89.7253681844407	0.361057792415508	-0.395089234600192	1.03130472835747	0.158764611775202	-0.131291178492647
90.5214039033456	0.630603097203704	-0.434977926489395	1.00814810024032	0.134976141150377	-0.111948118272217
91.8611152438447	0.425992717436117	-0.709108243295375	0.969631914429624	0.107552748441856	-0.0906711965663564
92.9404066128141	0.574299359960406	-0.653298651533305	0.93900906938868	0.103493175587029	-0.0890298670540951
94.2209122453044	0.704675723624874	-0.706206272529926	0.903135085320447	0.121242839108633	-0.105405850220164
95.4491322639046	0.382056729652376	-0.523544294975324	0.869181086109676	0.153093093797198	-0.132785938064133
96.5764051403615	0.783956852951292	-0.745216146804495	0.838400102372992	0.188491326293975	-0.162765558318471
NO NO NO NO NO NO
! xrtwtflux
103.025	0.802	-0.87	0.00155633940982119	0.000355322172026955	-0.000355322172026955
104.332	0.663	-0.506	0.00218948529433645	0.000458147726978677	-0.000458147726978677
105.683	0.613	-0.688	0.00202857036677395	0.000429403151637462	-0.000429403151637462
106.912	0.608	-0.616	0.00208277999592659	0.000442632541326921	-0.000442632541326921
108.116	0.575	-0.596	0.00208432953112689	0.00045414929479913	-0.00045414929479913
109.257	0.551	-0.567	0.00221643890388694	0.000442830886799427	-0.000442830886799427
110.410	0.531	-0.602	0.00211384975196038	0.000460893794935316	-0.000460893794935316
111.357	0.443	-0.416	0.00288920054942141	0.000601515423224777	-0.000601515423224777
112.224	0.481	-0.423	0.00249604676948913	0.000616909888907426	-0.000616909888907426
113.192	0.456	-0.487	0.00220019879869899	0.000516876924085304	-0.000516876924085304
114.089	0.423	-0.442	0.00218093111359998	0.000507922121622525	-0.000507922121622525
115.054	0.442	-0.542	0.00178564515835818	0.000423688380332828	-0.000423688380332828
115.903	0.448	-0.408	0.00204235136472364	0.000482658274101826	-0.000482658274101826
116.967	0.527	-0.615	0.0015419871375805	0.000371854921112518	-0.000371854921112518
117.949	0.470	-0.455	0.00199394518284028	0.000520121248858001	-0.000520121248858001
118.918	0.454	-0.499	0.00202404120176168	0.000564159745403723	-0.000564159745403723
119.859	0.339	-0.486	0.00253768394476646	0.000549884611833842	-0.000549884611833842
120.646	0.436	-0.448	0.00242996260789671	0.000578945663109416	-0.000578945663109416
121.403	0.345	-0.32	0.00309138858475994	0.00066206642982922	-0.00066206642982922
122.166	0.265	-0.418	0.00305257817292706	0.000665641356663242	-0.000665641356663242
122.736	0.330	-0.305	0.00332493520846179	0.000815329749884399	-0.000815329749884399
123.401	0.414	-0.335	0.00263333216772213	0.000735803104936145	-0.000735803104936145
124.123	0.374	-0.308	0.00304003807464885	0.000800403499404846	-0.000800403499404846
124.841	0.305	-0.345	0.00330125498845584	0.000782303900388639	-0.000782303900388639
125.485	0.328	-0.339	0.00345535606114647	0.000764627943501101	-0.000764627943501101
126.197	0.422	-0.384	0.00293995247022903	0.000823061390811901	-0.000823061390811901
126.858	0.264	-0.239	0.00509378214717889	0.00126463261950631	-0.00126463261950631
127.440	0.303	-0.318	0.00414302698443212	0.00109409017605552	-0.00109409017605552
128.021	0.236	-0.278	0.00479277149553287	0.00125339705978312	-0.00125339705978312
128.526	0.274	-0.269	0.00441108200411271	0.00113969993406743	-0.00113969993406743
129.061	0.269	-0.261	0.00437827753460145	0.00115295468334422	-0.00115295468334422
129.611	0.224	-0.281	0.00523273408177758	0.00143641855689945	-0.00143641855689945
130.147	0.267	-0.311	0.00372678801653029	0.00103251942611506	-0.00103251942611506
130.647	0.271	-0.233	0.00353725683212493	0.00101047957908671	-0.00101047957908671
131.245	0.311	-0.328	0.00214837529471183	0.000607909601021263	-0.000607909601021263
131.911	0.294	-0.355	0.00166607440858246	0.000441480609061363	-0.000441480609061363
132.472	0.244	-0.267	0.0020965515782481	0.00057834972343717	-0.00057834972343717
132.996	0.296	-0.28	0.00179354019560363	0.000466962510172191	-0.000466962510172191
133.604	0.281	-0.312	0.00202073519929927	0.000569990462011573	-0.000569990462011573
134.228	0.287	-0.343	0.00177886708359561	0.000499715290298147	-0.000499715290298147
134.856	0.298	-0.341	0.00156755470970311	0.000342685990415585	-0.000342685990415585
135.438	0.316	-0.285	0.00144843693824095	0.000327249410784043	-0.000327249410784043
136.195	0.372	-0.441	0.000856117718359001	0.000226364214833897	-0.000226364214833897
136.998	0.339	-0.43	0.000847132561296144	0.000204465765942583	-0.000204465765942583
137.752	0.287	-0.416	0.001001795746392	0.000216365608705814	-0.000216365608705814
138.388	0.374	-0.349	0.00102413613949514	0.000262280857988918	-0.000262280857988918
139.156	0.424	-0.395	0.000925942592644921	0.000230661452662518	-0.000230661452662518
139.987	0.479	-0.407	0.000843970883270755	0.000191372124821166	-0.000191372124821166
140.989	0.544	-0.523	0.000697312792214463	0.000161640031715784	-0.000161640031715784
142.000	0.418	-0.466	0.000867438799284718	0.000221317004552086	-0.000221317004552086
142.869	0.477	-0.451	0.000844071219773724	0.000232866034314501	-0.000232866034314501
143.719	0.377	-0.373	0.00106837583867287	0.00028106164303891	-0.00028106164303891
144.589	0.496	-0.494	0.000893159556726631	0.000209810446283434	-0.000209810446283434
145.475	0.401	-0.39	0.00115208400990468	0.000248114167346697	-0.000248114167346697
146.399	0.459	-0.523	0.000973443210275001	0.000219083027396408	-0.000219083027396408
147.406	0.418	-0.548	0.000900904788907798	0.000227091998475563	-0.000227091998475563
148.284	0.480	-0.46	0.000837550735959025	0.000207523212277665	-0.000207523212277665
149.197	0.282	-0.433	0.000637722744665952	0.000129085407256109	-0.000129085407256109
149.779	0.287	-0.3	0.000562401733098404	0.000100368114109384	-0.000100368114109384
150.442	0.337	-0.376	0.000526991328241563	9.33450574647702e-05	-9.33450574647702e-05
151.189	0.348	-0.41	0.000562587886293428	0.000103037993634719	-0.000103037993634719
151.837	0.323	-0.3	0.000611804115965546	0.000108975508270004	-0.000108975508270004
152.489	0.327	-0.329	0.000434330000966005	7.91947190837683e-05	-7.91947190837683e-05
153.176	0.309	-0.359	0.000301884767873662	5.63549348753883e-05	-5.63549348753883e-05
153.793	0.303	-0.307	0.00033833018564668	6.09965461122988e-05	-6.09965461122988e-05
154.422	0.357	-0.326	0.000346351056423309	6.36652367179053e-05	-6.36652367179053e-05
155.208	0.421	-0.429	0.000319717235668319	5.90479247784297e-05	-5.90479247784297e-05
156.158	0.455	-0.529	0.000288151870855175	5.27540382219208e-05	-5.27540382219208e-05
156.901	0.342	-0.288	0.000458505662321862	8.31203542890606e-05	-8.31203542890606e-05
157.736	0.511	-0.493	0.000250246291149207	4.63885359615375e-05	-4.63885359615375e-05
158.653	0.385	-0.407	0.000265743189446959	5.0984348596194e-05	-5.0984348596194e-05
159.493	0.373	-0.455	0.000240655321807796	4.48599940777022e-05	-4.48599940777022e-05
160.407	0.529	-0.542	0.000191910378807776	3.54094271321633e-05	-3.54094271321633e-05
161.330	0.530	-0.394	0.000223241395172534	4.11015952420464e-05	-4.11015952420464e-05
162.272	0.429	-0.412	0.000223650118714874	4.04612550033104e-05	-4.04612550033104e-05
163.135	0.507	-0.434	0.000125562539849488	2.58196640950067e-05	-2.58196640950067e-05
164.226	0.567	-0.584	0.000153355657667197	2.87630795496435e-05	-2.87630795496435e-05
165.257	0.439	-0.463	0.00014848778489761	3.03667242127345e-05	-3.03667242127345e-05
166.297	0.425	-0.601	0.000134028172749282	2.74587496347765e-05	-2.74587496347765e-05
167.237	0.421	-0.515	0.000102025233843993	2.11047721246224e-05	-2.11047721246224e-05
168.233	0.569	-0.575	8.71705004303102e-05	1.63333322156047e-05	-1.63333322156047e-05
169.154	0.532	-0.353	8.42356387512975e-05	1.74749131331001e-05	-1.74749131331001e-05
170.205	0.481	-0.519	0.000100945002611398	2.07243258620307e-05	-2.07243258620307e-05
171.190	0.438	-0.504	0.000126933311418186	2.60407815967889e-05	-2.60407815967889e-05
172.269	0.648	-0.642	6.81147061079061e-05	1.39568566878492e-05	-1.39568566878492e-05
173.729	0.773	-0.812	5.21834077166739e-05	1.04646691387798e-05	-1.04646691387798e-05
175.234	0.539	-0.732	7.46076760616552e-05	1.52657834184186e-05	-1.52657834184186e-05
176.217	0.649	-0.445	9.11567544213316e-05	1.8887212312146e-05	-1.8887212312146e-05
177.358	0.615	-0.492	8.29875249512281e-05	1.70447260002109e-05	-1.70447260002109e-05
179.048	0.900	-1.075	4.10963346851717e-05	8.59280516888838e-06	-8.59280516888838e-06
180.719	0.655	-0.772	5.00963978683954e-05	1.03426645204628e-05	-1.03426645204628e-05
182.157	0.726	-0.782	4.14185779760367e-05	8.4514268842463e-06	-8.4514268842463e-06
183.754	0.791	-0.87	2.57729870200657e-05	5.18369949543135e-06	-5.18369949543135e-06
185.446	0.762	-0.901	1.7006522552953e-05	3.41066627505658e-06	-3.41066627505658e-06
187.143	0.827	-0.935	1.52276243237637e-05	3.04115873330608e-06	-3.04115873330608e-06
188.893	0.892	-0.923	1.87374464507403e-05	3.71649290848131e-06	-3.71649290848131e-06
190.544	0.844	-0.759	2.76514576737294e-05	5.38955837719656e-06	-5.38955837719656e-06
192.207	0.761	-0.819	2.21552534409074e-05	4.21340278344907e-06	-4.21340278344907e-06
193.718	0.630	-0.751	2.04893045788541e-05	4.00697691121e-06	-4.00697691121e-06
195.102	0.822	-0.754	1.78847525665708e-05	3.58494553560515e-06	-3.58494553560515e-06
196.864	1.100	-0.939	1.83126035586835e-05	3.58817531506936e-06	-3.58817531506936e-06
199.019	1.001	-1.056	2.49576029322478e-05	4.6510509136982e-06	-4.6510509136982e-06
200.787	0.665	-0.767	4.20079477864342e-05	7.8029769210592e-06	-7.8029769210592e-06
202.966	1.162	-1.514	2.59520258802853e-05	5.02564981211759e-06	-5.02564981211759e-06
205.364	0.918	-1.236	2.30069096573037e-05	4.63050745945472e-06	-4.63050745945472e-06
207.363	0.983	-1.08	1.98941611451375e-05	3.76887425036898e-06	-3.76887425036898e-06
209.738	1.274	-1.391	1.38521283390475e-05	2.66048963093165e-06	-2.66048963093165e-06
212.260	1.326	-1.248	1.43362356526005e-05	2.67644280681791e-06	-2.67644280681791e-06
214.594	1.047	-1.008	1.75271877559332e-05	3.33495371812187e-06	-3.33495371812187e-06
217.277	0.915	-1.636	1.33007017854352e-05	2.60396263986232e-06	-2.60396263986232e-06
219.443	1.179	-1.251	1.40587094819583e-05	2.63136541089624e-06	-2.63136541089624e-06
221.534	0.782	-0.912	1.94931689597283e-05	3.75760026389992e-06	-3.75760026389992e-06
223.172	0.863	-0.856	1.92349958515348e-05	3.65558157261352e-06	-3.65558157261352e-06
224.931	0.808	-0.896	2.06443240623248e-05	3.98072265318879e-06	-3.98072265318879e-06
226.553	0.846	-0.814	2.4062830361716e-05	4.55503980886954e-06	-4.55503980886954e-06
228.370	0.754	-0.971	2.41866523582225e-05	4.51769134990636e-06	-4.51769134990636e-06
229.804	0.650	-0.679	2.85304529018337e-05	5.25609788100736e-06	-5.25609788100736e-06
231.271	0.730	-0.818	2.22408780749164e-05	4.04208238788145e-06	-4.04208238788145e-06
232.642	0.772	-0.641	2.44189352403091e-05	4.53634105338705e-06	-4.53634105338705e-06
234.504	0.822	-1.09	1.76614194259753e-05	3.20236298734238e-06	-3.20236298734238e-06
236.063	0.782	-0.736	2.21169261440814e-05	4.1815807796847e-06	-4.1815807796847e-06
237.829	1.200	-0.985	1.51907165401594e-05	2.92837082322966e-06	-2.92837082322966e-06
240.036	0.818	-1.007	1.78256580640085e-05	3.26492700687973e-06	-3.26492700687973e-06
241.714	0.816	-0.859	1.52792745958071e-05	2.83313131335427e-06	-2.83313131335427e-06
243.742	1.108	-1.212	8.28115502017577e-06	1.56250669928663e-06	-1.56250669928663e-06
245.860	0.949	-1.009	9.77968386419389e-06	1.81839021852689e-06	-1.81839021852689e-06
247.880	0.788	-1.071	1.17698374126699e-05	2.23476532903288e-06	-2.23476532903288e-06
249.756	1.046	-1.088	1.15854840364878e-05	2.16975789206255e-06	-2.16975789206255e-06
251.971	0.905	-1.17	1.21586636166551e-05	2.25404463962759e-06	-2.25404463962759e-06
253.903	1.054	-1.027	1.22827826845138e-05	2.28254744356492e-06	-2.28254744356492e-06
255.851	1.051	-0.893	1.29946312139265e-05	2.41766165297419e-06	-2.41766165297419e-06
257.985	0.806	-1.083	1.12225783268045e-05	2.13446178677703e-06	-2.13446178677703e-06
260.222	1.300	-1.431	6.35447023627858e-06	1.24004727233391e-06	-1.24004727233391e-06
262.640	1.330	-1.118	7.23597894059291e-06	1.39177708222588e-06	-1.39177708222588e-06
265.585	1.502	-1.615	6.98694069626646e-06	1.32998145729134e-06	-1.32998145729134e-06
268.711	1.370	-1.624	9.17742650053995e-06	1.74559259045725e-06	-1.74559259045725e-06
271.302	1.222	-1.22	1.39111976334931e-05	2.58472381074138e-06	-2.58472381074138e-06
273.902	1.565	-1.377	1.41004022582531e-05	2.63545444504644e-06	-2.63545444504644e-06
276.511	1.726	-1.044	1.4466602503639e-05	2.70465304915248e-06	-2.70465304915248e-06
279.739	1.733	-1.502	8.95321609019124e-06	1.6872855077658e-06	-1.6872855077658e-06
282.784	1.196	-1.312	8.71200700755208e-06	1.61357759576247e-06	-1.61357759576247e-06
286.064	1.633	-2.084	8.11414836648988e-06	1.48539009201105e-06	-1.48539009201105e-06
289.489	1.745	-1.792	1.08900685606803e-05	2.10516497280784e-06	-2.10516497280784e-06
293.189	2.182	-1.956	1.12812796626114e-05	2.10917407330862e-06	-2.10917407330862e-06
296.465	1.168	-1.093	2.13780145584827e-05	4.0146248801552e-06	-4.0146248801552e-06
298.956	1.180	-1.323	2.12002756450882e-05	3.95487275867629e-06	-3.95487275867629e-06
301.486	1.484	-1.35	2.15976465447632e-05	4.0098145652613e-06	-4.0098145652613e-06
304.733	1.415	-1.763	1.84302388858146e-05	3.44203150651514e-06	-3.44203150651514e-06
307.645	1.592	-1.497	1.41660460865747e-05	2.69316079399616e-06	-2.69316079399616e-06
310.689	1.437	-1.453	1.26364590616965e-05	2.35664881887989e-06	-2.35664881887989e-06
313.712	1.927	-1.586	1.32550345358272e-05	2.43840427698868e-06	-2.43840427698868e-06
317.752	1.435	-2.112	1.75093556167546e-05	3.36839159225613e-06	-3.36839159225613e-06
320.911	1.338	-1.724	1.61271572797661e-05	3.0044112970415e-06	-3.0044112970415e-06
324.588	1.798	-2.339	8.7161969702779e-06	1.66686571200107e-06	-1.66686571200107e-06
328.041	1.497	-1.655	9.98716681461819e-06	1.83916073282603e-06	-1.83916073282603e-06
331.170	1.599	-1.632	8.49733141323566e-06	1.60169861271043e-06	-1.60169861271043e-06
335.237	2.300	-2.468	5.55658875187385e-06	1.06667598178954e-06	-1.06667598178954e-06
339.350	1.646	-1.813	1.04069138696655e-05	1.94259009251983e-06	-1.94259009251983e-06
342.827	1.588	-1.831	1.30673488860861e-05	2.48399371954133e-06	-2.48399371954133e-06
346.934	1.929	-2.519	1.24014806559477e-05	2.42060081628705e-06	-2.42060081628705e-06
351.503	2.105	-2.64	1.12003409925296e-05	2.19177176253072e-06	-2.19177176253072e-06
355.504	1.794	-1.896	1.14020446712183e-05	2.12991946441452e-06	-2.12991946441452e-06
359.426	2.271	-2.129	8.08040150027044e-06	1.49091686873809e-06	-1.49091686873809e-06
363.597	1.448	-1.9	1.14136043729054e-05	2.16228042473848e-06	-2.16228042473848e-06
367.041	1.840	-1.995	1.02849548940463e-05	1.92499375297675e-06	-1.92499375297675e-06
371.031	2.455	-2.149	1.0400903094375e-05	2.00796676513601e-06	-2.00796676513601e-06
375.530	1.466	-2.044	1.76274615660245e-05	3.37971921791567e-06	-3.37971921791567e-06
378.845	1.570	-1.849	1.90234026585445e-05	3.57085802168096e-06	-3.57085802168096e-06
382.341	1.766	-1.925	1.68874715665455e-05	3.17813533302892e-06	-3.17813533302892e-06
385.727	2.227	-1.62	1.42927498233012e-05	2.72616106420949e-06	-2.72616106420949e-06
389.324	1.669	-1.37	1.58884782699527e-05	3.06980103581884e-06	-3.06980103581884e-06
392.595	1.660	-1.603	1.39975641909372e-05	2.69657357405691e-06	-2.69657357405691e-06
395.835	1.962	-1.58	1.22409679583266e-05	2.35796075944546e-06	-2.35796075944546e-06
399.648	1.591	-1.85	1.59560317345159e-05	2.99206736561934e-06	-2.99206736561934e-06
402.958	2.276	-1.72	1.3838828228176e-05	2.58359512536194e-06	-2.58359512536194e-06
406.983	1.813	-1.748	1.17056672420641e-05	2.18145110917662e-06	-2.18145110917662e-06
411.040	2.345	-2.244	7.55453130991738e-06	1.43927115999628e-06	-1.43927115999628e-06
415.428	2.009	-2.043	1.26925958658916e-05	2.37896658311823e-06	-2.37896658311823e-06
419.544	1.967	-2.107	1.7665338098327e-05	3.23959792602894e-06	-3.23959792602894e-06
423.465	1.915	-1.953	1.21430013129589e-05	2.24400771910388e-06	-2.24400771910388e-06
427.128	1.958	-1.749	9.39832459886158e-06	1.79810080347899e-06	-1.79810080347899e-06
431.801	1.972	-2.714	1.07697983173549e-05	2.03603047502597e-06	-2.03603047502597e-06
436.800	2.374	-3.027	1.22203958399389e-05	2.26324437918951e-06	-2.26324437918951e-06
441.472	2.215	-2.297	1.56033655136801e-05	2.94873388817536e-06	-2.94873388817536e-06
446.500	2.534	-2.814	1.19087626605996e-05	2.26187617228478e-06	-2.26187617228478e-06
450.727	1.539	-1.692	1.38284255815347e-05	2.58748900786665e-06	-2.58748900786665e-06
453.821	1.139	-1.556	1.28203374334342e-05	2.40766068832124e-06	-2.40766068832124e-06
456.931	2.117	-1.971	7.32791955872352e-06	1.40455554956083e-06	-1.40455554956083e-06
461.124	2.141	-2.075	5.92522240783687e-06	1.12859238824728e-06	-1.12859238824728e-06
465.847	2.528	-2.581	6.00213772537212e-06	1.17691857867849e-06	-1.17691857867849e-06
470.284	1.934	-1.909	1.2211747856748e-05	2.35569242404694e-06	-2.35569242404694e-06
474.353	2.604	-2.135	1.20387636581921e-05	2.30863742185579e-06	-2.30863742185579e-06
479.072	2.227	-2.114	1.29509129433484e-05	2.51909508798688e-06	-2.51909508798688e-06
483.190	2.544	-1.891	1.26729722521191e-05	2.45563311787738e-06	-2.45563311787738e-06
487.233	2.054	-1.499	1.60009588874664e-05	2.97305045152929e-06	-2.97305045152929e-06
490.698	1.920	-1.411	1.54486436159804e-05	2.88094991583669e-06	-2.88094991583669e-06
495.348	2.998	-2.731	6.99537550625545e-06	1.32053472118562e-06	-1.32053472118562e-06
499.746	1.749	-1.4	1.16205477782717e-05	2.17378694018282e-06	-2.17378694018282e-06
503.494	2.265	-1.999	9.81799821442232e-06	1.83821936211084e-06	-1.83821936211084e-06
507.338	1.504	-1.578	1.49418672824223e-05	2.90016928731498e-06	-2.90016928731498e-06
510.433	1.527	-1.592	1.57680227616293e-05	3.04760628516426e-06	-3.04760628516426e-06
514.143	1.895	-2.183	1.22818497267058e-05	2.37432935446464e-06	-2.37432935446464e-06
518.703	1.891	-2.666	1.11226335962548e-05	2.03635809228141e-06	-2.03635809228141e-06
522.649	1.799	-2.055	1.40390174564962e-05	2.62722702921154e-06	-2.62722702921154e-06
526.937	2.573	-2.49	1.37233898455397e-05	2.62113093300803e-06	-2.62113093300803e-06
532.455	2.797	-2.944	1.41384389802759e-05	2.67526594852404e-06	-2.67526594852404e-06
536.803	2.073	-1.551	1.47378395157265e-05	2.79170329169695e-06	-2.79170329169695e-06
541.173	1.403	-2.297	9.27007143480415e-06	1.73873992827111e-06	-1.73873992827111e-06
544.726	1.747	-2.149	1.11344318742876e-05	2.0787141843715e-06	-2.0787141843715e-06
549.225	2.267	-2.752	1.22124786172935e-05	2.35688196871801e-06	-2.35688196871801e-06
553.167	1.638	-1.675	1.74104208416717e-05	3.41466351090246e-06	-3.41466351090246e-06
556.481	1.828	-1.677	1.35834963785713e-05	2.61211134641188e-06	-2.61211134641188e-06
559.929	2.250	-1.62	1.33651353959769e-05	2.57167948190295e-06	-2.57167948190295e-06
564.588	2.058	-2.409	1.81176339622772e-05	3.43197605146981e-06	-3.43197605146981e-06
569.180	2.400	-2.534	2.17893498427196e-05	4.03350603591343e-06	-4.03350603591343e-06
573.449	1.801	-1.87	2.57768259766385e-05	4.8723821133034e-06	-4.8723821133034e-06
577.658	1.999	-2.408	1.92531291220989e-05	3.67895496813936e-06	-3.67895496813936e-06
582.383	2.779	-2.726	1.06406577961346e-05	2.0159936944151e-06	-2.0159936944151e-06
587.079	2.348	-1.917	9.7191818616179e-06	1.83128967330402e-06	-1.83128967330402e-06
591.880	2.165	-2.454	7.61768454589737e-06	1.46264957987586e-06	-1.46264957987586e-06
596.727	2.708	-2.683	5.76169068359939e-06	1.12064645352198e-06	-1.12064645352198e-06
602.777	2.214	-3.342	8.57843461859417e-06	1.6385737229711e-06	-1.6385737229711e-06
607.510	2.643	-2.519	1.23433381189411e-05	2.38689426060194e-06	-2.38689426060194e-06
612.659	2.750	-2.506	7.76909884825875e-06	1.47417054384427e-06	-1.47417054384427e-06
617.969	2.052	-2.561	7.02360365457696e-06	1.38428840530956e-06	-1.38428840530956e-06
623.338	2.396	-3.316	6.86300383830817e-06	1.31663843878102e-06	-1.31663843878102e-06
628.129	2.693	-2.395	6.10670447954245e-06	1.35871913148482e-06	-1.35871913148482e-06
634.147	3.520	-3.324	8.8962198622647e-06	1.70028190217876e-06	-1.70028190217876e-06
639.852	2.172	-2.185	1.48665588329243e-05	2.81266678047646e-06	-2.81266678047646e-06
644.076	1.827	-2.051	1.67667953218208e-05	3.11093007023469e-06	-3.11093007023469e-06
648.030	2.160	-2.127	1.42546180843823e-05	2.73419827613887e-06	-2.73419827613887e-06
653.492	2.850	-3.302	8.29630044713761e-06	1.58977119467363e-06	-1.58977119467363e-06
658.538	2.769	-2.195	1.05153797723045e-05	1.97807848118537e-06	-1.97807848118537e-06
663.697	1.793	-2.391	1.4220879873066e-05	2.78420597336528e-06	-2.78420597336528e-06
667.620	1.996	-2.13	1.36718186990241e-05	2.58094385676658e-06	-2.58094385676658e-06
671.538	2.105	-1.921	1.04350531936486e-05	1.99066116045818e-06	-1.99066116045818e-06
676.345	2.815	-2.702	5.62430591642869e-06	1.06778218668601e-06	-1.06778218668601e-06
681.068	1.534	-1.909	8.15825819668358e-06	1.55136893723902e-06	-1.55136893723902e-06
684.083	1.953	-1.481	7.91993573574281e-06	1.49936174666689e-06	-1.49936174666689e-06
688.569	2.714	-2.533	5.79949439030154e-06	1.11950849068942e-06	-1.11950849068942e-06
693.631	2.384	-2.349	8.69634595415931e-06	1.60920384435058e-06	-1.60920384435058e-06
698.776	2.973	-2.761	7.17387414876765e-06	1.39110464364661e-06	-1.39110464364661e-06
704.181	2.334	-2.432	6.19777359655304e-06	1.18987055227187e-06	-1.18987055227187e-06
708.421	1.993	-1.905	6.04006918792116e-06	1.15026378118886e-06	-1.15026378118886e-06
712.676	2.788	-2.263	5.34419834779769e-06	1.03450251275954e-06	-1.03450251275954e-06
718.003	2.075	-2.539	6.87504129881899e-06	1.29604658789219e-06	-1.29604658789219e-06
723.202	2.737	-3.125	6.40210178218105e-06	1.20947911151149e-06	-1.20947911151149e-06
728.570	2.233	-2.63	9.45914835507321e-06	1.82565592859337e-06	-1.82565592859337e-06
733.607	2.312	-2.805	8.6679511308004e-06	1.64897347176161e-06	-1.64897347176161e-06
738.548	2.286	-2.63	7.31832233577137e-06	1.36069719443738e-06	-1.36069719443738e-06
743.557	2.601	-2.722	6.90174665776377e-06	1.31226433907543e-06	-1.31226433907543e-06
749.127	2.843	-2.969	8.84578175086471e-06	1.70824283203931e-06	-1.70824283203931e-06
755.094	2.375	-3.124	1.06903560620307e-05	2.10926517923992e-06	-2.10926517923992e-06
760.230	3.208	-2.761	9.13446396853957e-06	1.72885553731488e-06	-1.72885553731488e-06
766.441	3.432	-3.003	8.32707839821588e-06	1.63151684893262e-06	-1.63151684893262e-06
772.539	2.421	-2.666	1.34770222027458e-05	2.66090244114467e-06	-2.66090244114467e-06
777.910	2.637	-2.95	1.26342712589213e-05	2.38122815579826e-06	-2.38122815579826e-06
783.777	2.719	-3.23	6.62576775514422e-06	1.28505147455221e-06	-1.28505147455221e-06
789.768	3.173	-3.272	4.61938727491706e-06	8.85852060183377e-07	-8.85852060183377e-07
796.136	1.851	-3.194	6.27729534564477e-06	1.428579748509e-06	-1.428579748509e-06
800.909	2.785	-2.922	1.10121833755923e-05	2.09010090580234e-06	-2.09010090580234e-06
806.321	3.010	-2.626	8.84587679452896e-06	1.90956621989741e-06	-1.90956621989741e-06
812.619	3.216	-3.288	1.02362075350191e-05	1.9548554199593e-06	-1.9548554199593e-06
818.389	2.744	-2.554	7.28456754030399e-06	1.62789916279786e-06	-1.62789916279786e-06
823.848	2.896	-2.715	7.03823369111296e-06	1.62801487435023e-06	-1.62801487435023e-06
829.615	3.060	-2.87	1.32857224835745e-05	2.51852840752045e-06	-2.51852840752045e-06
835.709	3.109	-3.034	1.33322698577293e-05	2.61850932488481e-06	-2.61850932488481e-06
841.489	4.370	-2.671	9.27251035453098e-06	1.88298946672778e-06	-1.88298946672778e-06
849.193	3.006	-3.333	1.12487015084085e-05	2.14456050253527e-06	-2.14456050253527e-06
855.278	2.989	-3.079	1.23862810610978e-05	2.31740939453944e-06	-2.31740939453944e-06
861.092	2.046	-2.825	6.96473037459747e-06	1.54641467198751e-06	-1.54641467198751e-06
865.955	3.460	-2.816	4.37810231438243e-06	9.27544584603162e-07	-9.27544584603162e-07
872.320	2.617	-2.905	5.52307678741621e-06	1.21611180980226e-06	-1.21611180980226e-06
878.005	2.987	-3.068	1.17611253883527e-05	2.30986176214423e-06	-2.30986176214423e-06
884.403	3.983	-3.411	1.21651268200563e-05	2.39501993350385e-06	-2.39501993350385e-06
891.075	2.842	-2.689	1.64237086008757e-05	3.12100762770314e-06	-3.12100762770314e-06
896.320	2.225	-2.402	1.90457169647355e-05	3.66507323075194e-06	-3.66507323075194e-06
901.345	2.926	-2.801	1.50430265972152e-05	2.87799424801556e-06	-2.87799424801556e-06
907.035	2.911	-2.763	1.46628010524661e-05	2.83808527274095e-06	-2.83808527274095e-06
912.508	3.285	-2.563	1.42322144255203e-05	2.72986333271033e-06	-2.72986333271033e-06
NO NO NO NO NO NO
! xrtwtgamma
103.025	0.802	-0.87	0.394478150144998	0.219350826747512	-0.18698507658633
104.332	0.663	-0.506	0.408141140018042	0.179182449961215	-0.152701001891277
105.683	0.613	-0.688	0.422085357041284	0.142034500550248	-0.121021245346202
106.912	0.608	-0.616	0.434616387424232	0.115096293237074	-0.0980990164256097
108.116	0.575	-0.596	0.446753604470676	0.0998223143914288	-0.0851956220840034
109.257	0.551	-0.567	0.458131636243056	0.099744752476919	-0.0852934445821843
110.410	0.531	-0.602	0.469509260443516	0.113562226046681	-0.0972279516175853
111.357	0.443	-0.416	0.478765589936218	0.13221162674047	-0.113225784707635
112.224	0.481	-0.423	0.515377723604775	0.116525510534517	-0.0997705133055515
113.192	0.456	-0.487	0.563626432088846	0.100222461553272	-0.0856844495510525
114.089	0.423	-0.442	0.607969319715488	0.100738752068528	-0.0859304894594706
115.054	0.442	-0.542	0.655286155118734	0.117469718133413	-0.100048987672782
115.903	0.448	-0.408	0.696588139825095	0.141327548367244	-0.120331525344237
116.967	0.527	-0.615	0.661280516504402	0.113263424247774	-0.0964206217308301
117.949	0.470	-0.455	0.625705226026189	0.101645138529517	-0.0864763200341768
118.918	0.454	-0.499	0.590890043618471	0.110897914090956	-0.0942862912784463
119.859	0.339	-0.486	0.557351328924907	0.135345403514442	-0.115046035464873
120.646	0.436	-0.448	0.545023229420519	0.125307659449526	-0.106527183933026
121.403	0.345	-0.32	0.541877059493497	0.104985644493475	-0.0893467487635683
122.166	0.265	-0.418	0.538725742305239	0.101447475447297	-0.0865178328146063
122.736	0.330	-0.305	0.536384364588257	0.110965636394808	-0.0947503347014367
123.401	0.414	-0.335	0.533666461470592	0.131917558652316	-0.11269739814235
124.123	0.374	-0.308	0.500868135286255	0.120078581650162	-0.102589663618445
124.841	0.305	-0.345	0.457328233466307	0.101906654922383	-0.0870892732835631
125.485	0.328	-0.339	0.418488233948815	0.0977042559018329	-0.0835388191721538
126.197	0.422	-0.384	0.375778452816122	0.107831762737188	-0.0922393377749315
126.858	0.264	-0.239	0.336343086934992	0.127842102440764	-0.109371884336373
127.440	0.303	-0.318	0.339835980660897	0.120844065902901	-0.103395625935515
128.021	0.236	-0.278	0.367537633706285	0.101999482780439	-0.0873455236705666
128.526	0.274	-0.269	0.391513726502993	0.09510953302207	-0.0815764045804724
129.061	0.269	-0.261	0.416811591910663	0.0995148566475924	-0.0855087521190804
129.611	0.224	-0.281	0.442709658026245	0.114965427739433	-0.0988784323446131
130.147	0.267	-0.311	0.490029784978298	0.126874617018429	-0.109131652669614
130.647	0.271	-0.233	0.621889832888966	0.106631021818193	-0.0914325710220195
131.245	0.311	-0.328	0.778933343386064	0.104487184603799	-0.088694529047959
131.911	0.294	-0.355	0.952994621511049	0.130354600529719	-0.109836143814994
132.472	0.244	-0.267	1.06872942770931	0.153825301926363	-0.129490503437998
132.996	0.296	-0.28	1.00460121757942	0.120567275868035	-0.10155836540654
133.604	0.281	-0.312	0.930508822709635	0.113112126138673	-0.0954962730637034
134.228	0.287	-0.343	0.8548164086193	0.144078330495955	-0.121784692054837
134.856	0.298	-0.341	0.930253088803031	0.125275625757082	-0.105803176455866
135.438	0.316	-0.285	1.03743479170722	0.114508060936485	-0.0963238159837741
136.195	0.372	-0.441	1.17615760126671	0.143840212309868	-0.120508964548062
136.998	0.339	-0.43	1.22228946082669	0.139502151832677	-0.116907061864391
137.752	0.287	-0.416	1.18398654154976	0.115219877114903	-0.0971169137559386
138.388	0.374	-0.349	1.15184063312128	0.134956695520898	-0.114264499265573
139.156	0.424	-0.395	1.13621986067116	0.133705341580229	-0.113221543776069
139.987	0.479	-0.407	1.13871380570742	0.113209941891558	-0.0955763686768041
140.989	0.544	-0.523	1.14170133140617	0.141511903430766	-0.119055925051135
142.000	0.418	-0.466	1.12817863082968	0.131112282845552	-0.110096993679161
142.869	0.477	-0.451	1.10748113794764	0.124216473182757	-0.103324118438126
143.719	0.377	-0.373	1.08735761529894	0.164263274594967	-0.136005598260315
144.589	0.496	-0.494	1.0542310271944	0.137949770044229	-0.114373677481257
145.475	0.401	-0.39	1.01706168062604	0.118676543874806	-0.0992643199824636
146.399	0.459	-0.523	0.978538538984541	0.149042226279281	-0.125412497993645
147.406	0.418	-0.548	1.04134836688016	0.121447576985859	-0.102050032971733
148.284	0.480	-0.46	1.11527168539526	0.123257752133155	-0.103089645119053
149.197	0.282	-0.433	1.19167904781503	0.167703170645132	-0.140032412012967
149.779	0.287	-0.3	1.11555556832901	0.132250224342631	-0.110573390071602
150.442	0.337	-0.376	1.02068492806992	0.112176695471812	-0.0944903720034672
151.189	0.348	-0.41	0.914294102214398	0.135722625270422	-0.115090339048051
151.837	0.323	-0.3	1.01327885568991	0.123371206871746	-0.10445626013712
152.489	0.327	-0.329	1.2082581020221	0.118713876257936	-0.0994800864471629
153.176	0.309	-0.359	1.41280407811723	0.158923019267932	-0.13238511660628
153.793	0.303	-0.307	1.42116229597298	0.143019329118505	-0.118829948776798
154.422	0.357	-0.326	1.31735782858796	0.143418315161924	-0.117455789255115
155.208	0.421	-0.429	1.23113416335686	0.171476556928538	-0.139995427093584
156.158	0.455	-0.529	1.2240906623857	0.124569101524731	-0.103629221600278
156.901	0.342	-0.288	1.21861170088278	0.152546863837092	-0.128609483945172
157.736	0.511	-0.493	1.29942464570346	0.123899066176607	-0.104010231837197
158.653	0.385	-0.407	1.40350480868322	0.146917017551098	-0.121846109622297
159.493	0.373	-0.455	1.45536740528347	0.158554357042366	-0.131386366652888
160.407	0.529	-0.542	1.44123884561269	0.126850582841019	-0.105886098509903
161.330	0.530	-0.394	1.43039828954407	0.169086982996961	-0.141752323495583
162.272	0.429	-0.412	1.49081394737461	0.128132194513024	-0.106773078230642
163.135	0.507	-0.434	1.54585585777994	0.155241790516361	-0.128269943419298
164.226	0.567	-0.584	1.53508092000633	0.153990523595376	-0.126767368639794
165.257	0.439	-0.463	1.46195151457124	0.155525571043668	-0.125717888494119
166.297	0.425	-0.601	1.44424583502932	0.196835301028373	-0.158407119470058
167.237	0.421	-0.515	1.64687413891421	0.147375303887973	-0.119825901624147
168.233	0.569	-0.575	1.86033494416631	0.187079271407338	-0.153943906574347
169.154	0.532	-0.353	1.78319506300687	0.155943619045204	-0.127453898242026
170.205	0.481	-0.519	1.61960154554706	0.182394930210856	-0.145626138602981
171.190	0.438	-0.504	1.57832644341156	0.193538776367631	-0.154095693246086
172.269	0.648	-0.642	1.68431667574389	0.177226236960793	-0.140090221409955
173.729	0.773	-0.812	1.74554051549265	0.207138402931397	-0.163365767668464
175.234	0.539	-0.732	1.65935393641191	0.184063455594622	-0.145826477697525
176.217	0.649	-0.445	1.62147238792434	0.22237781962601	-0.176324538116498
177.358	0.615	-0.492	1.66887399836413	0.168695955333362	-0.133858336776951
179.048	0.900	-1.075	1.7396534271541	0.231760983787851	-0.184091200047139
180.719	0.655	-0.772	1.8268179970026	0.169645346324536	-0.13501064737526
182.157	0.726	-0.782	1.90118574952698	0.231355605892349	-0.184387702063943
183.754	0.791	-0.87	2.09026174359927	0.171986002473122	-0.137946317578589
185.446	0.762	-0.901	2.29798370502979	0.180153093925875	-0.147352831765575
187.143	0.827	-0.935	2.34226257609456	0.18436790267826	-0.150988694475094
188.893	0.892	-0.923	2.20523276014404	0.164860575313074	-0.133402137208879
190.544	0.844	-0.759	2.077113786506	0.225472455148581	-0.181398613046504
192.207	0.761	-0.819	2.16036986184961	0.168679205807396	-0.135916530233668
193.718	0.630	-0.751	2.25673079932319	0.194569824197701	-0.157272086423532
195.102	0.822	-0.754	2.2501788193292	0.201116218474945	-0.162553947852158
196.864	1.100	-0.939	2.11137614774755	0.168512318345007	-0.135404274613386
199.019	1.001	-1.056	1.95213120703363	0.219733947148829	-0.175930877009905
200.787	0.665	-0.767	1.8646190523385	0.172573167015189	-0.136914074210391
202.966	1.162	-1.514	1.76099900592739	0.249954554661216	-0.196580424039657
205.364	0.918	-1.236	1.92568589734302	0.17285041634155	-0.137283945770057
207.363	0.983	-1.08	2.06150769008786	0.218516304664198	-0.175339442254458
209.738	1.274	-1.391	2.10246985179231	0.173982586213969	-0.139863530526845
212.260	1.326	-1.248	2.11908448687539	0.188485736911515	-0.152373901522029
214.594	1.047	-1.008	2.13344383250454	0.188564694183902	-0.152515889040085
217.277	0.915	-1.636	2.14878863275565	0.171437105060136	-0.138657505782195
219.443	1.179	-1.251	2.16087644921496	0.220270140899041	-0.178152767049396
221.534	0.782	-0.912	2.1709393633942	0.162019842222136	-0.131230398524131
223.172	0.863	-0.856	2.17875609665217	0.199348481124431	-0.161682191349248
224.931	0.808	-0.896	2.14039544611761	0.175607043487917	-0.142276739615454
226.553	0.846	-0.814	2.08170174125885	0.175869112443302	-0.141711262409235
228.370	0.754	-0.971	2.0586476498658	0.196604994663874	-0.158270171550824
229.804	0.650	-0.679	2.10910939957208	0.16446937447611	-0.132998511277976
231.271	0.730	-0.818	2.15987329259594	0.226793625400456	-0.183858283173401
232.642	0.772	-0.641	2.15883077592404	0.167963815609025	-0.135987273571208
234.504	0.822	-1.09	2.1574246954588	0.201452931627256	-0.162502429445147
236.063	0.782	-0.736	2.14923546762719	0.188433683796371	-0.151930331000177
237.829	1.200	-0.985	2.13531710088412	0.173021104296967	-0.139143630819698
240.036	0.818	-1.007	2.16798914173596	0.209301709666578	-0.168236159418011
241.714	0.816	-0.859	2.2892293060848	0.162264232859296	-0.131625240822676
243.742	1.108	-1.212	2.43463959282802	0.188332213791859	-0.155081001468268
245.860	0.949	-1.009	2.44170456694208	0.171832648478158	-0.141464419309469
247.880	0.788	-1.071	2.37594189636556	0.160054626975851	-0.130965147148255
249.756	1.046	-1.088	2.31534546308209	0.210219879588752	-0.171537039439991
251.971	0.905	-1.17	2.29762782916264	0.16445843462257	-0.134094752991698
253.903	1.054	-1.027	2.2907192870184	0.176403886385807	-0.143570143184097
255.851	1.051	-0.893	2.30611448331111	0.207669302258472	-0.168963480914386
257.985	0.806	-1.083	2.38745418856411	0.162135535708914	-0.132044552101
260.222	1.300	-1.431	2.47200068534507	0.191497534673631	-0.156174652214181
262.640	1.330	-1.118	2.46924581784803	0.194728143165155	-0.158794580195394
265.585	1.502	-1.615	2.36625816949503	0.162946262069662	-0.132468967116991
268.711	1.370	-1.624	2.25818290662838	0.218303362197937	-0.177081590268657
271.302	1.222	-1.22	2.15555217839806	0.169927792141055	-0.137358588311947
273.902	1.565	-1.377	2.05112754186484	0.19238723739855	-0.154056967826409
276.511	1.726	-1.044	2.06124906092304	0.201913983622517	-0.161651912743185
279.739	1.733	-1.502	2.2305012166427	0.164531459425	-0.1335717208693
282.784	1.196	-1.312	2.38355076002227	0.222155769596984	-0.181654378254393
286.064	1.633	-2.084	2.2168373530326	0.166607237095921	-0.134706438864259
289.489	1.745	-1.792	2.04478188236971	0.20892323524102	-0.165834245633676
293.189	2.182	-1.956	1.95994780150529	0.184049800791976	-0.146100535341283
296.465	1.168	-1.093	1.9410702726033	0.199585483150453	-0.159174104452123
298.956	1.180	-1.323	1.9027807522183	0.196855986284085	-0.156997564221041
301.486	1.484	-1.35	1.836458657004	0.178065138830071	-0.141457772146403
304.733	1.415	-1.763	1.85117460424612	0.201201386206063	-0.159771507040293
307.645	1.592	-1.497	2.00860906832941	0.171254890834322	-0.137579360176841
310.689	1.437	-1.453	2.11820918994599	0.215721244291367	-0.174093532694445
313.712	1.927	-1.586	1.98727752929641	0.168210883696125	-0.134577772144341
317.752	1.435	-2.112	1.82439367989303	0.240265717680195	-0.190396135133996
320.911	1.338	-1.724	1.96534739872212	0.171004683941561	-0.136423409949257
324.588	1.798	-2.339	2.12767705947078	0.211516125711102	-0.170880851968608
328.041	1.497	-1.655	2.20621239325272	0.174288384967312	-0.140923627121839
331.170	1.599	-1.632	2.25983395158592	0.173045922372461	-0.140235005153429
335.237	2.300	-2.468	2.26652722743083	0.201017040290514	-0.162536049107406
339.350	1.646	-1.813	2.12318828846898	0.21353964274329	-0.164238878458867
342.827	1.588	-1.831	2.00679810515601	0.265714655902683	-0.202751483445769
346.934	1.929	-2.519	1.88383816494226	0.200540256152128	-0.155908563721523
351.503	2.105	-2.64	1.88631029521754	0.203744780269825	-0.159675628825006
355.504	1.794	-1.896	2.01857024798086	0.181070550275104	-0.145013960095261
359.426	2.271	-2.129	2.10160514938846	0.203805419096916	-0.164101873363447
363.597	1.448	-1.9	2.08325395207282	0.169022627386545	-0.136078520438794
367.041	1.840	-1.995	2.06825932691506	0.232007572247153	-0.186777352632302
371.031	2.455	-2.149	1.93865793643548	0.197482464388573	-0.151398807788117
375.530	1.466	-2.044	1.81020016887525	0.281317301952304	-0.210116406532024
378.845	1.570	-1.849	1.79067724032243	0.193342999561501	-0.150612999332077
382.341	1.766	-1.925	1.81710799479676	0.199263498098585	-0.157946483118451
385.727	2.227	-1.62	1.90363680952273	0.180879688424885	-0.144134187421941
389.324	1.669	-1.37	1.97479136472854	0.202207160138888	-0.161018229255477
392.595	1.660	-1.603	2.00460866556573	0.206291115713891	-0.160360291134046
395.835	1.962	-1.58	1.98518514793379	0.234600407423064	-0.181742898089065
399.648	1.591	-1.85	1.86185480728939	0.196222640339714	-0.154636822305614
402.958	2.276	-1.72	1.87385903156086	0.206665490488763	-0.163481001463969
406.983	1.813	-1.748	2.05398835392159	0.172354987576652	-0.138645778213363
411.040	2.345	-2.244	2.14458424526731	0.208331049485033	-0.168570692885832
415.428	2.009	-2.043	1.92780927667244	0.166619049470172	-0.13347317830328
419.544	1.967	-2.107	1.72686086180259	0.235225908995507	-0.187344409668074
423.465	1.915	-1.953	1.95073416335162	0.195434904006808	-0.151286102936872
427.128	1.958	-1.749	2.11828979764407	0.283640746518706	-0.216877738459924
431.801	1.972	-2.714	1.93659051507507	0.19636201331563	-0.152706785770616
436.800	2.374	-3.027	1.79531539671248	0.209541905204184	-0.164310610016232
441.472	2.215	-2.297	1.73562070838544	0.18418009141995	-0.145700549481319
446.500	2.534	-2.814	1.79686913910965	0.190933255804182	-0.151553994055014
450.727	1.539	-1.692	1.99606287837216	0.181379182689823	-0.145676807884902
453.821	1.139	-1.556	2.12732326962543	0.219635888665803	-0.176772594546217
456.931	2.117	-1.971	2.20203190121804	0.16928858123397	-0.136386070545343
461.124	2.141	-2.075	2.30195548925237	0.207283837211844	-0.167333119049949
465.847	2.528	-2.581	2.17765716228238	0.177163235772309	-0.142477214133306
470.284	1.934	-1.909	1.98129805159218	0.197586541738861	-0.156948357656894
474.353	2.604	-2.135	1.88104635362454	0.20253076924136	-0.160626251096713
479.072	2.227	-2.114	1.88120811894113	0.192577694661186	-0.152147855338517
483.190	2.544	-1.891	1.88210413054571	0.206639947964744	-0.163053155586648
487.233	2.054	-1.499	1.88421529454486	0.203004523926662	-0.158886383715972
490.698	1.920	-1.411	1.92362479681251	0.224990831899463	-0.176046740538902
495.348	2.998	-2.731	2.05098566500986	0.176099678276179	-0.141117324543253
499.746	1.749	-1.4	2.11642728247536	0.201315294303237	-0.16261618826227
503.494	2.265	-1.999	2.05112433270416	0.171278331313236	-0.136956347031291
507.338	1.504	-1.578	1.98495665880753	0.242993051663108	-0.193240186741056
510.433	1.527	-1.592	1.94860050070298	0.197919093224441	-0.152184137391196
514.143	1.895	-2.183	1.91502491597086	0.28476262564401	-0.214420342213763
518.703	1.891	-2.666	1.93322431415486	0.191687900007691	-0.150458533026236
522.649	1.799	-2.055	1.89483031541199	0.209593694483396	-0.166989974005302
526.937	2.573	-2.49	1.75137146638085	0.167696628358121	-0.133632396179039
532.455	2.797	-2.944	1.67496932372256	0.205219294612538	-0.163602715992385
536.803	2.073	-1.551	1.91831656494376	0.16229732416517	-0.130729712820576
541.173	1.403	-2.297	2.16091708660643	0.220956366817279	-0.179310466295832
544.726	1.747	-2.149	2.03411678159686	0.170396484578959	-0.137240841859108
549.225	2.267	-2.752	1.83979874490662	0.214613325035893	-0.169495182847944
553.167	1.638	-1.675	1.8738378589222	0.181100331086333	-0.143371354663209
556.481	1.828	-1.677	1.98772995945547	0.197712655479687	-0.158079214477234
559.929	2.250	-1.62	1.93108785987984	0.196838619225072	-0.157543678045118
564.588	2.058	-2.409	1.67394741591901	0.166742017476658	-0.133798889168442
569.180	2.400	-2.534	1.51424623467997	0.192421425881666	-0.154492663909627
573.449	1.801	-1.87	1.58056311861032	0.16309949952409	-0.130236638757795
577.658	1.999	-2.408	1.64546635369902	0.232483382965023	-0.185103253423609
582.383	2.779	-2.726	1.84940313008565	0.166716380657784	-0.133282534720028
587.079	2.348	-1.917	2.05184904728067	0.20677093938091	-0.16637035157671
591.880	2.165	-2.454	2.1478062031657	0.185302668218033	-0.146769066456603
596.727	2.708	-2.683	2.19972512303282	0.256189001501939	-0.196134099292413
602.777	2.214	-3.342	1.96683353986438	0.21269781898627	-0.161561524485318
607.510	2.643	-2.519	1.80811315445202	0.267204619916788	-0.202084379553833
612.659	2.750	-2.506	2.07139012785915	0.204556808900776	-0.159798272971011
617.969	2.052	-2.561	2.17002162891342	0.209281463633411	-0.16397288870892
623.338	2.396	-3.316	2.08274761293905	0.256976515193496	-0.195710653392049
628.129	2.693	-2.395	1.98944445183874	0.226190471514907	-0.172797644792627
634.147	3.520	-3.324	1.86390327822353	0.20622232304796	-0.162939296497457
639.852	2.172	-2.185	1.81126152663529	0.177404962332882	-0.140511835556675
644.076	1.827	-2.051	1.80185057806357	0.2090899847046	-0.165405431315849
648.030	2.160	-2.127	1.82777393935974	0.195664348124519	-0.154801978172711
653.492	2.850	-3.302	1.89327368249328	0.199292478675371	-0.157924318616166
658.538	2.769	-2.195	1.88943727708415	0.192366023654708	-0.152311561436935
663.697	1.793	-2.391	1.83072077106787	0.204871269838613	-0.161230554826621
667.620	1.996	-2.13	1.87565203360931	0.209890824940203	-0.165273225284545
671.538	2.105	-1.921	2.0322606434761	0.173884668243857	-0.139013201655518
676.345	2.815	-2.702	2.19212237529603	0.211831074471079	-0.17069353501096
681.068	1.534	-1.909	2.24321499045211	0.164623250732238	-0.13341024406348
684.083	1.953	-1.481	2.27564579848161	0.199898510720884	-0.16251973833589
688.569	2.714	-2.533	2.20112987054953	0.177443396137148	-0.143893947708354
693.631	2.384	-2.349	2.05852439422615	0.185934384397989	-0.148585539840693
698.776	2.973	-2.761	2.03425725077753	0.204483190597237	-0.163111557460106
704.181	2.334	-2.432	2.20855447266915	0.175522457377046	-0.141197954477711
708.421	1.993	-1.905	2.34424839395311	0.238491660143839	-0.192417348081885
712.676	2.788	-2.263	2.26494782454359	0.175993768116613	-0.141577632982293
718.003	2.075	-2.539	2.16633312237393	0.206133984572216	-0.164517742185285
723.202	2.737	-3.125	2.07989184556836	0.190642677826875	-0.151976478734732
728.570	2.233	-2.63	1.99772614032627	0.195757172567935	-0.155415148296359
733.607	2.312	-2.805	2.00880079147805	0.200178679476756	-0.158748135529174
738.548	2.286	-2.63	2.12604529711617	0.201691171215958	-0.159069782894872
743.557	2.601	-2.722	2.11404940427472	0.215290072319324	-0.169575328682188
749.127	2.843	-2.969	1.92110434287885	0.200650295462574	-0.157034982075718
755.094	2.375	-3.124	1.85041608038217	0.204860738829121	-0.160431206807499
760.230	3.208	-2.761	1.91486868078339	0.183986386455681	-0.146215397010125
766.441	3.432	-3.003	1.9096264909758	0.198827236212384	-0.158587638183338
772.539	2.421	-2.666	1.7824983880037	0.180701226986388	-0.143400775152974
777.910	2.637	-2.95	1.77432048117537	0.213305946371152	-0.168970020780278
783.777	2.719	-3.23	2.090143346792	0.203800585313514	-0.158493482021987
789.768	3.173	-3.272	2.23077577180348	0.245205899074314	-0.189814559708751
796.136	1.851	-3.194	1.96176441720428	0.221159058125562	-0.169849971854593
800.909	2.785	-2.922	1.81834643285404	0.242788761605351	-0.186263048192872
806.321	3.010	-2.626	1.77333247675703	0.205950348231452	-0.15845275960937
812.619	3.216	-3.288	1.77528705926871	0.22580419883895	-0.172925920662592
818.389	2.744	-2.554	1.84671673156978	0.261409334027907	-0.192755313873517
823.848	2.896	-2.715	1.82881504079054	0.270803881378242	-0.199547735950564
829.615	3.060	-2.87	1.70815289893808	0.193954269933162	-0.150794039835709
835.709	3.109	-3.034	1.65999611610749	0.19914711637753	-0.157833940735873
841.489	4.370	-2.671	1.72876008035314	0.19196242401809	-0.14924950901112
849.193	3.006	-3.333	1.76544659495419	0.214803312216479	-0.165525281390636
855.278	2.989	-3.079	1.71909110677331	0.254899282558075	-0.19253239925197
861.092	2.046	-2.825	1.90120694357523	0.217009592555412	-0.164409089986143
865.955	3.460	-2.816	2.1276995058538	0.254929655703313	-0.194833716604422
872.320	2.617	-2.905	2.00925323627203	0.216365949204045	-0.166127729771152
878.005	2.987	-3.068	1.75111901267069	0.201363947955956	-0.157675006069319
884.403	3.983	-3.411	1.6157366888402	0.194981942271239	-0.153418124188977
891.075	2.842	-2.689	1.63638986282525	0.182667471926703	-0.145774523171671
896.320	2.225	-2.402	1.64978131063523	0.193696667318882	-0.154844204990394
901.345	2.926	-2.801	1.65819906865583	0.168931525977453	-0.134609506171635
907.035	2.911	-2.763	1.66767434766928	0.260166314803262	-0.207036907543007
912.508	3.285	-2.563	1.66571757027741	0.23521784903625	-0.187176038260642
NO NO NO NO NO NO
! xrtpcflux
932.965	8.466	-11.593	1.5257244187244e-05	3.19996379230773e-06	-3.19996379230773e-06
952.381	9.108	-10.95	9.67468505889702e-06	1.9836805334696e-06	-1.9836805334696e-06
970.819	10.729	-9.329	7.92022711150518e-06	1.43115964941568e-06	-1.43115964941568e-06
991.943	7.156	-10.395	4.4488471717671e-06	1.00149016401286e-06	-1.00149016401286e-06
1011.094	10.571	-11.994	3.636994825067e-06	7.51612934212731e-07	-7.51612934212731e-07
1035.866	10.872	-14.201	3.75200015827677e-06	7.88767882400135e-07	-7.88767882400135e-07
1058.154	11.150	-11.416	8.51862576768573e-06	1.51221464602103e-06	-1.51221464602103e-06
1080.795	8.567	-11.492	9.32455705612649e-06	1.9977183713867e-06	-1.9977183713867e-06
1098.829	15.606	-9.467	9.28437366751342e-06	2.03900322328766e-06	-2.03900322328766e-06
1126.635	15.381	-12.2	1.0602034456022e-05	1.88364049072755e-06	-1.88364049072755e-06
1152.311	9.763	-10.296	1.1746120027267e-05	2.11697378967722e-06	-2.11697378967722e-06
1170.838	8.788	-8.763	1.02014253023735e-05	2.20715202697064e-06	-2.20715202697064e-06
1189.412	10.272	-9.786	9.73414000153376e-06	2.09828600092738e-06	-2.09828600092738e-06
1210.454	9.288	-10.77	1.03052287230248e-05	2.33239348695694e-06	-2.33239348695694e-06
1236.813	10.510	-17.07	9.98318287076308e-06	2.15197022172704e-06	-2.15197022172704e-06
1257.877	9.504	-10.555	1.3715044957835e-05	3.01591827651328e-06	-3.01591827651328e-06
1278.860	13.594	-11.479	1.20023805309683e-05	2.54709865893783e-06	-2.54709865893783e-06
1302.927	9.586	-10.473	1.47159229631329e-05	3.15663601289006e-06	-3.15663601289006e-06
1326.566	16.033	-14.053	1.14967249270416e-05	2.28050084842563e-06	-2.28050084842563e-06
4592.613	11.412	-11.154	4.63144865820554e-06	1.04394399990729e-06	-1.04394399990729e-06
4618.437	13.169	-14.411	3.84904494415283e-06	8.61817491043004e-07	-8.61817491043004e-07
4645.141	9.031	-13.535	5.05847684198212e-06	1.13563559594307e-06	-1.13563559594307e-06
4668.959	17.808	-14.787	3.73392511451677e-06	8.405136543033e-07	-8.405136543033e-07
4700.028	11.812	-13.261	6.53966145203222e-06	1.34233259632263e-06	-1.34233259632263e-06
4724.372	10.034	-12.532	7.21303063407432e-06	1.54154684982297e-06	-1.54154684982297e-06
4751.263	13.230	-16.857	4.68966074609259e-06	1.00469222892658e-06	-1.00469222892658e-06
4780.667	11.407	-16.173	3.7527317137856e-06	8.25177007340339e-07	-8.25177007340339e-07
4801.561	10.571	-9.487	4.16254959120869e-06	9.10647056766439e-07	-9.10647056766439e-07
4823.538	8.653	-11.405	3.0081503491318e-06	6.73537702310263e-07	-6.73537702310263e-07
4848.361	16.426	-16.17	1.78032678318284e-06	3.91970302287161e-07	-3.91970302287161e-07
4879.364	15.510	-14.578	2.89818552812298e-06	6.20894630490494e-07	-6.20894630490494e-07
4910.285	14.677	-15.411	3.60855393275781e-06	8.12292277646724e-07	-8.12292277646724e-07
4933.860	11.160	-8.898	6.7018718647411e-06	1.51468020047642e-06	-1.51468020047642e-06
4952.666	7.399	-7.645	1.06458665083099e-05	2.3964046502163e-06	-2.3964046502163e-06
4970.985	11.646	-10.92	6.14984253583433e-06	1.34883174675479e-06	-1.34883174675479e-06
4997.489	10.214	-14.859	3.55280778040405e-06	7.78240164037792e-07	-7.78240164037792e-07
5022.740	12.544	-15.037	2.79351245976478e-06	6.28824965280007e-07	-6.28824965280007e-07
5055.961	16.933	-20.677	2.72555391691421e-06	6.12708090672389e-07	-6.12708090672389e-07
5084.374	8.578	-11.48	5.68157060850157e-06	1.13994821128334e-06	-1.13994821128334e-06
5105.211	10.306	-12.26	2.93233155590884e-06	6.12849328398764e-07	-6.12849328398764e-07
5130.799	19.821	-15.282	1.069364282477e-06	2.41685393369024e-07	-2.41685393369024e-07
5167.027	16.189	-16.406	1.40419709400109e-06	3.07979441900182e-07	-3.07979441900182e-07
5197.227	13.569	-14.011	1.98804584282996e-06	4.27466217902118e-07	-4.27466217902118e-07
5226.370	12.006	-15.575	2.20456828098989e-06	4.82909203130854e-07	-4.82909203130854e-07
5256.800	14.171	-18.424	2.12434059591846e-06	4.80764494864933e-07	-4.80764494864933e-07
5288.456	12.603	-17.485	3.12356600842392e-06	6.85084936089156e-07	-6.85084936089156e-07
5316.634	12.005	-15.575	4.3016931776495e-06	9.41087625378829e-07	-9.41087625378829e-07
5350.509	15.740	-21.869	2.93533247002686e-06	6.31919854292133e-07	-6.31919854292133e-07
5385.916	17.942	-19.667	2.2317340209174e-06	5.02367710060265e-07	-5.02367710060265e-07
5417.889	21.072	-14.031	2.92903564399828e-06	6.58450918461499e-07	-6.58450918461499e-07
5450.865	18.184	-11.903	4.46210298661866e-06	1.0098289552299e-06	-1.0098289552299e-06
5489.351	14.801	-20.302	3.64450931382957e-06	8.17108042825196e-07	-8.17108042825196e-07
5525.228	14.026	-21.076	2.72086556372791e-06	5.83614474155144e-07	-5.83614474155144e-07
5554.795	9.532	-15.541	3.03037096404484e-06	6.82142385227289e-07	-6.82142385227289e-07
5577.862	16.552	-13.535	3.23693454012374e-06	7.27667266435845e-07	-7.27667266435845e-07
5611.894	25.144	-17.48	3.52473215581559e-06	7.73071699936575e-07	-7.73071699936575e-07
5651.180	13.439	-14.141	5.14940710272497e-06	1.13373281788985e-06	-1.13373281788985e-06
5677.027	10.158	-12.408	5.69989690222598e-06	1.27623107388006e-06	-1.27623107388006e-06
5701.596	13.169	-14.411	3.93402392314862e-06	8.879308586659e-07	-8.879308586659e-07
5735.192	14.676	-20.426	2.26796326033735e-06	5.11206555372892e-07	-5.11206555372892e-07
5765.920	16.542	-16.053	2.05136750247579e-06	4.48780661552155e-07	-4.48780661552155e-07
5797.376	12.667	-14.913	1.94652976405534e-06	4.38754271070459e-07	-4.38754271070459e-07
5840.740	19.449	-30.697	1.04198595573112e-06	2.34552997537223e-07	-2.34552997537223e-07
5879.736	18.063	-19.547	2.0214876756995e-06	4.56873340972155e-07	-4.56873340972155e-07
5914.570	10.809	-16.771	3.81663059596164e-06	8.36030375359879e-07	-8.36030375359879e-07
5950.313	20.197	-24.934	1.85279550646742e-06	4.18747573919651e-07	-4.18747573919651e-07
5989.905	18.216	-19.394	1.93495481585818e-06	4.24929744693298e-07	-4.24929744693298e-07
6026.003	19.727	-17.883	2.51391864451827e-06	5.39880958700321e-07	-5.39880958700321e-07
6063.455	9.855	-17.725	3.83743131647643e-06	8.41655518949418e-07	-8.41655518949418e-07
6086.442	11.941	-13.132	4.18677407930401e-06	8.77055281531618e-07	-8.77055281531618e-07
6114.078	14.393	-15.695	2.77809055958483e-06	6.11645622119314e-07	-6.11645622119314e-07
6139.750	11.287	-11.279	3.84554914199317e-06	8.22855104815997e-07	-8.22855104815997e-07
6166.201	14.924	-15.164	2.51367245040129e-06	5.68111435488322e-07	-5.68111435488322e-07
6189.540	9.136	-8.415	4.41157543809601e-06	9.6512647812895e-07	-9.6512647812895e-07
6223.603	25.219	-24.927	1.3767482387694e-06	3.12414943559404e-07	-3.12414943559404e-07
6260.729	10.659	-11.907	3.85932901158904e-06	8.66425289176203e-07	-8.66425289176203e-07
6284.697	11.764	-13.309	4.20547966401732e-06	9.21207369030367e-07	-9.21207369030367e-07
6317.047	17.023	-20.586	3.0477595594215e-06	6.70162739976492e-07	-6.70162739976492e-07
6359.004	17.690	-24.934	2.77569544121283e-06	6.27330629138411e-07	-6.27330629138411e-07
6391.243	10.524	-14.549	5.21362877232338e-06	1.08711686109096e-06	-1.08711686109096e-06
6421.944	12.418	-20.177	3.23267725776846e-06	7.27682049782458e-07	-7.27682049782458e-07
6451.278	20.694	-16.915	2.63077504081718e-06	5.91401726275193e-07	-5.91401726275193e-07
6488.767	13.293	-16.795	2.99535738595754e-06	6.724622430025e-07	-6.724622430025e-07
6515.596	11.537	-13.536	3.25302478816552e-06	7.32262076292793e-07	-7.32262076292793e-07
6545.213	17.022	-18.08	1.97553398837094e-06	4.33841211294797e-07	-4.33841211294797e-07
6580.526	21.826	-18.291	1.52985127303239e-06	3.45759369582711e-07	-3.45759369582711e-07
6615.133	14.799	-12.781	2.69773916041134e-06	6.05646447116922e-07	-6.05646447116922e-07
6642.525	9.973	-12.593	3.83679291924873e-06	8.42586917638964e-07	-8.42586917638964e-07
6680.069	15.053	-27.571	2.10441575742681e-06	4.53039582520139e-07	-4.53039582520139e-07
6716.086	11.632	-20.963	2.65339418916606e-06	5.69834406660959e-07	-5.69834406660959e-07
6752.657	15.177	-24.94	1.6813087635148e-06	3.80500772312415e-07	-3.80500772312415e-07
6782.073	15.849	-14.239	2.50870237141617e-06	5.39416887710115e-07	-5.39416887710115e-07
6817.223	13.294	-19.301	3.0170781534178e-06	6.80971134567432e-07	-6.80971134567432e-07
6846.689	16.423	-16.172	3.81104874606292e-06	8.41216737237793e-07	-8.41216737237793e-07
6887.465	18.272	-24.353	1.98547440786096e-06	4.16889306866709e-07	-4.16889306866709e-07
6927.164	18.689	-21.428	1.27678239368151e-06	2.89340460465158e-07	-2.89340460465158e-07
6955.754	12.665	-9.901	3.56798617956934e-06	7.99951405463033e-07	-7.99951405463033e-07
6987.005	16.516	-18.586	4.25246004226619e-06	8.75785512747284e-07	-8.75785512747284e-07
7031.083	20.077	-27.562	2.25487220021293e-06	4.86022550071928e-07	-4.86022550071928e-07
7072.389	26.400	-21.229	2.53020854514475e-06	4.29312754299496e-07	-4.29312754299496e-07
10295.350	24.286	-20.846	1.34365076375371e-06	2.88737715307856e-07	-2.88737715307856e-07
10345.704	19.064	-26.068	1.46683366263189e-06	3.29418730881295e-07	-3.29418730881295e-07
10386.072	21.320	-21.304	1.98004873569374e-06	4.44675639657158e-07	-4.44675639657158e-07
10428.817	16.184	-21.425	2.17038059549513e-06	4.74267151949473e-07	-4.74267151949473e-07
10470.440	27.216	-25.438	8.87466607190852e-07	1.99884384532227e-07	-1.99884384532227e-07
10517.768	14.990	-20.112	8.24582170727959e-07	1.80682889817648e-07	-1.80682889817648e-07
10554.190	18.685	-21.432	6.70502399391985e-07	1.51457299801861e-07	-1.51457299801861e-07
10594.182	16.303	-21.307	7.77755893692012e-07	1.70422290725777e-07	-1.70422290725777e-07
10629.535	23.574	-19.051	7.00559113932112e-07	1.57787105299736e-07	-1.57787105299736e-07
10670.833	19.885	-17.724	9.48572125831308e-07	2.08138467580639e-07	-2.08138467580639e-07
10724.046	31.863	-33.327	6.44381989022116e-07	1.46624395472329e-07	-1.46624395472329e-07
10790.117	43.519	-34.208	7.95809445936992e-07	1.80551021168617e-07	-1.80551021168617e-07
10859.073	24.709	-25.437	1.68721775540731e-06	3.80565002440818e-07	-3.80565002440818e-07
10901.982	21.917	-18.2	2.13258779303574e-06	4.67938681499952e-07	-4.67938681499952e-07
10949.962	29.098	-26.063	1.38067807690425e-06	3.10519723497004e-07	-3.10519723497004e-07
11004.753	21.945	-25.694	1.10924936199032e-06	2.5092960263063e-07	-2.5092960263063e-07
11048.685	23.145	-21.987	9.18632263507348e-07	1.97666500264428e-07	-1.97666500264428e-07
11101.658	20.318	-29.828	7.86935633836012e-07	1.76984845003925e-07	-1.76984845003925e-07
11144.660	19.940	-22.684	1.30311127650742e-06	2.93074641282675e-07	-2.93074641282675e-07
11181.268	25.957	-16.667	1.7415291042365e-06	3.90543866005223e-07	-3.90543866005223e-07
11232.043	15.299	-24.818	2.81530841183014e-06	6.34092661147537e-07	-6.34092661147537e-07
11262.884	14.545	-15.542	4.89088202812838e-06	1.09838477513781e-06	-1.09838477513781e-06
11306.611	23.472	-29.182	3.45498462522381e-06	7.62312543189e-07	-7.62312543189e-07
11354.371	25.858	-24.288	2.64191173554335e-06	5.81301042402847e-07	-5.81301042402847e-07
11404.913	32.984	-24.684	1.52042504144797e-06	3.43943941427749e-07	-3.43943941427749e-07
11466.361	21.683	-28.464	1.5721591664841e-06	3.46402416303455e-07	-3.46402416303455e-07
11506.485	14.153	-18.442	2.4609204375128e-06	5.38495737727048e-07	-5.38495737727048e-07
11537.559	20.689	-16.92	2.13706214052074e-06	4.79243458958501e-07	-4.79243458958501e-07
11585.446	17.934	-27.198	2.10074941249209e-06	4.71100302033577e-07	-4.71100302033577e-07
11630.950	27.590	-27.57	1.97656387605274e-06	4.45182264051309e-07	-4.45182264051309e-07
11670.698	12.915	-12.158	4.1846309065144e-06	9.41139310376733e-07	-9.41139310376733e-07
11709.304	26.963	-25.69	1.89934273347067e-06	4.28411748276952e-07	-4.28411748276952e-07
11763.464	32.979	-27.197	1.43428125951794e-06	3.22575131671023e-07	-3.22575131671023e-07
11832.533	26.592	-36.09	1.00445456184753e-06	2.27555155083136e-07	-2.27555155083136e-07
11879.179	20.063	-20.054	1.3847372006397e-06	3.10981803349141e-07	-3.10981803349141e-07
11930.453	18.935	-31.211	1.15694180247511e-06	2.60200599631684e-07	-2.60200599631684e-07
11967.946	29.081	-18.558	1.46280368961237e-06	3.20089022191774e-07	-3.20089022191774e-07
12011.191	13.417	-14.164	3.67379089105978e-06	8.25053032952797e-07	-8.25053032952797e-07
12048.544	23.702	-23.937	3.01795767880243e-06	6.86714300855377e-07	-6.86714300855377e-07
12088.180	24.182	-15.934	2.89451541337188e-06	6.35123115180311e-07	-6.35123115180311e-07
12150.449	42.148	-38.086	7.1561361229694e-07	1.62832600305286e-07	-1.62832600305286e-07
12214.152	28.591	-21.555	8.69301066686563e-07	1.96936689530957e-07	-1.96936689530957e-07
12266.429	21.445	-23.686	1.35855994269158e-06	3.05102818881991e-07	-3.05102818881991e-07
12317.444	45.650	-29.57	1.10389880928123e-06	2.50083776798053e-07	-2.50083776798053e-07
12396.137	24.624	-33.044	8.13723506130147e-07	1.75092679364101e-07	-1.75092679364101e-07
12457.601	30.857	-36.84	3.27100362728446e-07	7.43203181312731e-08	-7.43203181312731e-08
12510.893	17.682	-22.435	4.84024290508653e-07	1.0854413087812e-07	-1.0854413087812e-07
12572.322	21.444	-43.746	6.61000313108019e-07	1.46249891823791e-07	-1.46249891823791e-07
12612.312	24.078	-18.547	1.57636481445715e-06	3.56598293806938e-07	-3.56598293806938e-07
12661.457	17.557	-25.067	1.73830256927003e-06	3.90384781272096e-07	-3.90384781272096e-07
12701.803	14.821	-22.789	1.95839635209697e-06	4.20285818185401e-07	-4.20285818185401e-07
12747.709	21.568	-31.085	1.1620314780134e-06	2.62869669672848e-07	-2.62869669672848e-07
12811.330	48.201	-42.053	1.05687583320482e-06	1.88187406761477e-07	-1.88187406761477e-07
27615.852	47.275	-37.973	4.02608449061955e-07	9.09310876543264e-08	-9.09310876543264e-08
27711.762	26.585	-48.634	3.52191232490341e-07	7.93668138832299e-08	-7.93668138832299e-08
27782.217	36.363	-43.871	2.33269220821398e-07	5.23923968350882e-08	-5.23923968350882e-08
27842.769	33.479	-24.189	2.55091482413231e-07	5.71666531246536e-08	-5.71666531246536e-08
27912.343	46.647	-36.094	1.93051975866996e-07	4.36017179681193e-08	-4.36017179681193e-08
27990.322	38.873	-31.332	2.54905611174474e-07	5.72519318458304e-08	-5.72519318458304e-08
28073.826	28.081	-44.631	3.5852058825874e-07	7.50454444659327e-08	-7.50454444659327e-08
28140.887	41.254	-38.98	3.53455595754911e-07	7.9918912155674e-08	-7.9918912155674e-08
28233.523	46.403	-51.382	3.9436203566426e-07	8.90685911788922e-08	-8.90685911788922e-08
28321.787	48.403	-41.861	5.61264029660996e-07	1.27048025857556e-07	-1.27048025857556e-07
28413.432	36.991	-43.243	6.65459852813826e-07	1.50129731286767e-07	-1.50129731286767e-07
28504.936	53.301	-54.513	3.264109011057e-07	7.38865534566032e-08	-7.38865534566032e-08
28599.362	44.124	-41.125	2.85706470595614e-07	6.28093705766281e-08	-6.28093705766281e-08
28684.506	34.199	-41.02	3.3744007145885e-07	7.2379141659144e-08	-7.2379141659144e-08
28743.774	27.585	-25.069	4.45862118730181e-07	1.00475675318513e-07	-1.00475675318513e-07
28814.722	36.870	-43.364	3.49957396858273e-07	7.86006041464017e-08	-7.86006041464017e-08
28897.462	49.408	-45.869	3.86333780223405e-07	8.71580112013284e-08	-8.71580112013284e-08
28984.975	29.592	-38.105	5.48681019133605e-07	1.23233975591242e-07	-1.23233975591242e-07
29053.299	26.458	-38.732	5.0449149045889e-07	1.13687884474082e-07	-1.13687884474082e-07
29126.007	33.984	-46.25	3.53444540923242e-07	7.98272119863343e-08	-7.98272119863343e-08
29197.217	32.979	-37.226	3.4587669275959e-07	7.80307645981728e-08	-7.80307645981728e-08
29255.515	29.841	-25.319	4.15460643733558e-07	9.34164123441414e-08	-9.34164123441414e-08
29327.721	50.406	-42.364	2.61462404295664e-07	5.85943848916643e-08	-5.85943848916643e-08
29439.910	58.567	-61.784	2.19690929135851e-07	4.99530266772106e-08	-4.99530266772106e-08
29547.353	51.416	-48.876	2.91059665343214e-07	6.53721418922813e-08	-6.53721418922813e-08
29623.336	28.086	-24.567	5.85324706831904e-07	1.32050968091857e-07	-1.32050968091857e-07
29694.931	36.725	-43.509	4.3188918124062e-07	9.47449826266704e-08	-9.47449826266704e-08
29775.769	66.208	-44.113	3.13154930657713e-07	7.16072788183891e-08	-7.16072788183891e-08
29883.586	48.655	-41.608	4.17082688708619e-07	9.43055004380293e-08	-9.43055004380293e-08
30002.607	44.970	-70.366	3.58280860771767e-07	8.01240723680429e-08	-8.01240723680429e-08
30090.142	42.675	-42.565	6.53598824044533e-07	1.27561622743629e-07	-1.27561622743629e-07
33370.013	28.599	-34.084	5.71393294150822e-07	1.25504809255826e-07	-1.25504809255826e-07
33460.521	58.442	-61.91	2.95857257802846e-07	6.71384671549541e-08	-6.71384671549541e-08
33582.049	47.236	-63.086	3.696465367443e-07	8.15732936095638e-08	-8.15732936095638e-08
33696.067	53.569	-66.782	3.73715589514668e-07	8.20025091627561e-08	-8.20025091627561e-08
33812.845	32.069	-63.209	2.75672893551148e-07	6.04376292280837e-08	-6.04376292280837e-08
33972.158	105.934	-127.244	1.9811029644405e-07	3.32709220361257e-08	-3.32709220361257e-08
35189.180	34.608	-33.09	3.94228743510014e-07	8.87460098245079e-08	-8.87460098245079e-08
35263.237	45.798	-39.45	3.31180170004082e-07	7.31236435928542e-08	-7.31236435928542e-08
35350.277	28.964	-41.241	3.92514423340728e-07	8.79650709265686e-08	-8.79650709265686e-08
35418.932	35.528	-39.691	3.68860515634495e-07	8.07492332916648e-08	-8.07492332916648e-08
35489.181	27.962	-34.721	3.69724269931759e-07	8.34169894581004e-08	-8.34169894581004e-08
35574.167	45.775	-57.025	2.62800692097248e-07	5.9549936384614e-08	-5.9549936384614e-08
35700.457	47.358	-80.515	2.96001518016627e-07	6.55473524683237e-08	-6.55473524683237e-08
35825.225	68.012	-77.41	3.16190451624653e-07	6.28014984777987e-08	-6.28014984777987e-08
41763.114	3100.617	-248.21	2.35041678246957e-07	5.44425129349461e-08	-5.44425129349461e-08
44905.926	45.561	-42.196	1.21018208482952e-07	2.64595679965931e-08	-2.64595679965931e-08
45036.713	62.706	-85.226	6.28803403395978e-08	1.42340768233504e-08	-1.42340768233504e-08
45132.636	39.495	-33.217	1.22445504369245e-07	2.7604095740859e-08	-2.7604095740859e-08
45260.619	61.951	-88.488	7.94984184174211e-08	1.80329761268108e-08	-1.80329761268108e-08
45409.801	80.759	-87.231	1.04619340810227e-07	2.36095541481477e-08	-2.36095541481477e-08
45532.172	51.159	-41.612	2.37350973868479e-07	5.33443858212449e-08	-5.33443858212449e-08
45624.940	58.684	-41.609	2.52434400732758e-07	5.67924077575392e-08	-5.67924077575392e-08
45744.791	51.662	-61.167	2.67944741489898e-07	6.03435844596735e-08	-6.03435844596735e-08
45845.818	50.921	-49.365	3.88116060959093e-07	7.66552170300413e-08	-7.66552170300413e-08
50663.864	99.438	-58.523	1.69226069258964e-07	3.82225957775266e-08	-3.82225957775266e-08
50873.968	97.442	-110.665	1.01857592456656e-07	2.31466329791282e-08	-2.31466329791282e-08
51034.831	56.929	-63.422	1.36741243657041e-07	3.07919721517931e-08	-3.07919721517931e-08
51176.807	75.422	-85.046	8.74035211314494e-08	1.93122789057596e-08	-1.93122789057596e-08
51327.423	97.811	-75.194	6.9792665438781e-08	1.58600307142998e-08	-1.58600307142998e-08
51485.146	60.439	-59.912	9.21023906834278e-08	2.07818933664446e-08	-2.07818933664446e-08
51620.536	60.443	-74.952	7.78772017902634e-08	1.75544037685987e-08	-1.75544037685987e-08
51759.609	76.816	-78.63	7.89829545318933e-08	1.65700189173167e-08	-1.65700189173167e-08
56506.460	77.120	-88.363	8.46456786491563e-08	1.90568013953233e-08	-1.90568013953233e-08
56660.155	91.415	-76.575	9.25798853640936e-08	2.09865937217323e-08	-2.09865937217323e-08
56810.355	54.044	-58.785	1.95215065053782e-07	4.38500026284586e-08	-4.38500026284586e-08
56910.400	76.858	-46	2.22145433325637e-07	5.03573400465748e-08	-5.03573400465748e-08
57066.727	53.418	-79.47	1.86766866998865e-07	4.21440395335138e-08	-4.21440395335138e-08
57206.508	61.569	-86.362	1.49226346057995e-07	3.37115142717543e-08	-3.37115142717543e-08
57368.697	165.155	-100.62	1.90724660976184e-07	4.34461175871276e-08	-4.34461175871276e-08
57627.491	81.872	-93.64	2.5305890870852e-07	5.58187541229958e-08	-5.58187541229958e-08
57808.474	88.937	-99.11	1.54001547540694e-07	3.18561846254376e-08	-3.18561846254376e-08
62249.280	84.024	-106.532	7.92921428515307e-08	1.75407086539691e-08	-1.75407086539691e-08
62474.619	79.329	-141.315	5.58421315946401e-08	1.42530770263943e-08	-1.42530770263943e-08
62645.318	79.128	-91.37	1.08904696582846e-07	2.47034066442901e-08	-2.47034066442901e-08
62779.848	64.948	-55.403	1.7916211206911e-07	4.03267839866862e-08	-4.03267839866862e-08
62916.241	91.531	-71.445	1.59356786173081e-07	3.60675908241072e-08	-3.60675908241072e-08
63091.620	94.171	-83.849	1.82749591061594e-07	4.17787123719792e-08	-4.17787123719792e-08
63278.777	92.555	-92.986	9.232406901095e-08	2.42629457300494e-08	-2.42629457300494e-08
63414.203	44.885	-42.871	1.887092796539e-07	4.23822889188204e-08	-4.23822889188204e-08
63534.671	57.304	-75.583	1.19167197935614e-07	2.70312944934381e-08	-2.70312944934381e-08
63681.327	48.551	-89.351	1.8515582947326e-07	4.08730992298358e-08	-4.08730992298358e-08
63805.328	85.017	-75.451	2.13844791273644e-07	4.84536986387777e-08	-4.84536986387777e-08
64573.890	3403.010	-683.545	2.78313400087574e-07	4.9005699610272e-08	-4.9005699610272e-08
108132.428	23527.498	-5452.9	2.32439089395407e-08	6.30720229401086e-09	-6.30720229401086e-09
131947.938	288.667	-288.011	1.25841019454179e-08	3.03396676368873e-09	-3.03396676368873e-09
147694.415	2781.548	-3927.908	5.99670536415308e-09	1.21486372426451e-09	-1.21486372426451e-09
263741.078	7155.798	-5263.112	3.47113214625464e-09	7.05099902254492e-10	-7.05099902254492e-10
NO NO NO NO NO NO
! xrtpcgamma
932.965	8.466	-11.593	1.45253271061228	0.46750510432896	-0.335970047005804
952.381	9.108	-10.95	1.72634967078525	0.275017475477795	-0.197807042455857
970.819	10.729	-9.329	1.98125502513014	0.299636088845054	-0.217288318965306
991.943	7.156	-10.395	2.12809655543981	0.272139056268354	-0.197644675067431
1011.094	10.571	-11.994	2.19566533839959	0.290813425686367	-0.211966875742359
1035.866	10.872	-14.201	2.09995402504617	0.271679334723217	-0.196442663836034
1058.154	11.150	-11.416	1.89686166458866	0.357794327371155	-0.252684130514751
1080.795	8.567	-11.492	1.70142869451119	0.261234932235474	-0.186168131901554
1098.829	15.606	-9.467	1.54959435137727	0.320962623199055	-0.231765902719345
1126.635	15.381	-12.2	1.65795788125022	0.231534441473755	-0.170270881611389
1152.311	9.763	-10.296	1.7674754082907	0.288871376320534	-0.215899842997267
1170.838	8.788	-8.763	1.72249273707348	0.242766939101535	-0.176422158644141
1189.412	10.272	-9.786	1.67810485758459	0.354927319097058	-0.253497451450191
1210.454	9.288	-10.77	1.58786060669015	0.258984845180019	-0.185660789510641
1236.813	10.510	-17.07	1.47391169758822	0.306440400147601	-0.22195536800064
1257.877	9.504	-10.555	1.44686645493424	0.260577709702797	-0.18953893498164
1278.860	13.594	-11.479	1.44114263714167	0.21516410332966	-0.16075578786324
1302.927	9.586	-10.473	1.43469207020319	0.275564988780031	-0.209781206332541
1326.566	16.033	-14.053	1.4368378138842	0.274875062741416	-0.209254867775489
4592.613	11.412	-11.154	1.60309383142506	0.343408507728216	-0.248555488495603
4618.437	13.169	-14.411	1.59393815134732	0.308944576812568	-0.223574412625257
4645.141	9.031	-13.535	1.55594206290641	0.248407111292434	-0.178699462724371
4668.959	17.808	-14.787	1.52223619833985	0.328848703693218	-0.235603500302818
4700.028	11.812	-13.261	1.47015257911904	0.245683380442934	-0.176954808912967
4724.372	10.034	-12.532	1.42845428203874	0.286692568888578	-0.208343270488175
4751.263	13.230	-16.857	1.50666900050587	0.257206109385488	-0.185916571082153
4780.667	11.407	-16.173	1.66010923298292	0.317391592842126	-0.22454059924991
4801.561	10.571	-9.487	1.78609119235928	0.307872260183774	-0.217835803359676
4823.538	8.653	-11.405	1.93636283974614	0.282746847044272	-0.202458968791942
4848.361	16.426	-16.17	1.97902575455056	0.322911639261928	-0.231829509319794
4879.364	15.510	-14.578	1.77775057624567	0.273485483941523	-0.194960357066494
4910.285	14.677	-15.411	1.58652351177533	0.311685101732899	-0.221888299018547
4933.860	11.160	-8.898	1.45665593676414	0.243698377689152	-0.176423898083662
4952.666	7.399	-7.645	1.35350351127834	0.306883608194	-0.224313399838538
4970.985	11.646	-10.92	1.48704571231975	0.256174730388289	-0.186053430561151
4997.489	10.214	-14.859	1.74126970079349	0.310416496167473	-0.219487806381453
5022.740	12.544	-15.037	1.79660429012316	0.317757825383938	-0.224482237097861
5055.961	16.933	-20.677	1.63774044317572	0.275078444193619	-0.197808080933585
5084.374	8.578	-11.48	1.69422037587157	0.28433931231733	-0.205249274373053
5105.211	10.306	-12.26	1.94941075860948	0.260850736576903	-0.189359014995201
5130.799	19.821	-15.282	2.18765984732431	0.339433812981794	-0.246949088171165
5167.027	16.189	-16.406	2.10643494881833	0.266791471595927	-0.192350802716187
5197.227	13.569	-14.011	2.03881738788174	0.373404742314391	-0.268018104896825
5226.370	12.006	-15.575	1.95050395608175	0.271201941612817	-0.192902128127688
5256.800	14.171	-18.424	1.85881447193632	0.385761473205354	-0.271802550477809
5288.456	12.603	-17.485	1.71233096260132	0.266004582341953	-0.188699482624062
5316.634	12.005	-15.575	1.58133504625493	0.332607830788414	-0.2380630278533
5350.509	15.740	-21.869	1.64742186114071	0.263720693444846	-0.187627361428189
5385.916	17.942	-19.667	1.75359443700955	0.361071175910153	-0.254346648792119
5417.889	21.072	-14.031	1.63296606884252	0.279521733257973	-0.197776014048054
5450.865	18.184	-11.903	1.46841684455154	0.273815157050002	-0.197284289743281
5489.351	14.801	-20.302	1.50027795063341	0.269246443018083	-0.194163734882778
5525.228	14.026	-21.076	1.72599833711134	0.288970727794081	-0.206041707483288
5554.795	9.532	-15.541	1.80963901731063	0.334920828570534	-0.238469424519067
5577.862	16.552	-13.535	1.66251719472196	0.257918218676116	-0.184440435491711
5611.894	25.144	-17.48	1.44656760518355	0.340903373742117	-0.24541944573402
5651.180	13.439	-14.141	1.47850467790625	0.24799841930453	-0.178047701865328
5677.027	10.158	-12.408	1.50373331274444	0.316263605383847	-0.226611464857551
5701.596	13.169	-14.411	1.5980572295866	0.282166490052381	-0.201798775918074
5735.192	14.676	-20.426	1.77390972637863	0.308561887254032	-0.217969130908624
5765.920	16.542	-16.053	1.90235990599458	0.319571193502979	-0.225756731970822
5797.376	12.667	-14.913	1.99948062869213	0.275271212073304	-0.197205466177017
5840.740	19.449	-30.697	2.00135222333976	0.311690748765966	-0.224436384187793
5879.736	18.063	-19.547	1.79290802757141	0.272653908584597	-0.194377294608397
5914.570	10.809	-16.771	1.64495330032552	0.349227811206609	-0.248125542990599
5950.313	20.197	-24.934	1.75362192792463	0.270030178822671	-0.19102575577678
5989.905	18.216	-19.394	1.85796496847941	0.377988443434103	-0.266512268069161
6026.003	19.727	-17.883	1.73742167907969	0.268522735726244	-0.190240674434298
6063.455	9.855	-17.725	1.64530766913384	0.334195621876009	-0.23766123169371
6086.442	11.941	-13.132	1.70640526064754	0.259931988146153	-0.185590362204182
6114.078	14.393	-15.695	1.77656658663378	0.35544771087168	-0.254664825307877
6139.750	11.287	-11.279	1.79442198458356	0.265387673893548	-0.188847218600193
6166.201	14.924	-15.164	1.81276975098404	0.380172394079921	-0.268992740064549
6189.540	9.136	-8.415	1.83020074919284	0.278127213333879	-0.196530172767043
6223.603	25.219	-24.927	1.85552347893207	0.380759929721309	-0.268292205692561
6260.729	10.659	-11.907	1.72941372442102	0.268356025507904	-0.190171453936091
6284.697	11.764	-13.309	1.64377639446441	0.343078914195971	-0.244103752029441
6317.047	17.023	-20.586	1.59837766684374	0.268526688462182	-0.191285370311459
6359.004	17.690	-24.934	1.55440173476611	0.324047210935075	-0.23168351166283
6391.243	10.524	-14.549	1.57634001714549	0.264195200578108	-0.188641062719908
6421.944	12.418	-20.177	1.61454107599935	0.31162819614079	-0.221679091784023
6451.278	20.694	-16.915	1.65136707519637	0.290673957452932	-0.20658616857854
6488.767	13.293	-16.795	1.69858758189279	0.310358412340427	-0.219447843490712
6515.596	11.537	-13.536	1.76115276913295	0.316829137991757	-0.224015669859542
6545.213	17.022	-18.08	1.8689371209659	0.282471797002952	-0.200702798835677
6580.526	21.826	-18.291	1.91488626189551	0.319380450232769	-0.2272364096123
6615.133	14.799	-12.781	1.81915762658632	0.286231750842076	-0.203266098776244
6642.525	9.973	-12.593	1.76041074575115	0.346055765727196	-0.245627978827669
6680.069	15.053	-27.571	1.7615478433504	0.281757586446861	-0.198781283438347
6716.086	11.632	-20.963	1.7856027952928	0.332475422631882	-0.234138480092823
6752.657	15.177	-24.94	1.8659543686381	0.295507882545622	-0.208954571229568
6782.073	15.849	-14.239	1.85794643402984	0.339928305854906	-0.240601209664467
6817.223	13.294	-19.301	1.65677602710563	0.267034381427121	-0.190471640004271
6846.689	16.423	-16.172	1.54403972247564	0.336325113038099	-0.240605284861334
6887.465	18.272	-24.353	1.8112034651858	0.262716837215341	-0.188286439163327
6927.164	18.689	-21.428	2.0109926316256	0.356468487026068	-0.255734253646506
6955.754	12.665	-9.901	1.77072001193692	0.258569415879507	-0.185742630257963
6987.005	16.516	-18.586	1.50921127796916	0.312332508341257	-0.224840874206143
7031.083	20.077	-27.562	1.64880075705187	0.25987426051624	-0.185128929861091
7072.389	26.400	-21.229	1.85724580396362	0.388511561592787	-0.274276417868302
10295.350	24.286	-20.846	1.80823528797949	0.392535801074774	-0.275278549811895
10345.704	19.064	-26.068	1.7053370269226	0.29364963100021	-0.206626568081278
10386.072	21.320	-21.304	1.56103042688859	0.277110072200783	-0.198559034981438
10428.817	16.184	-21.425	1.59815953079213	0.293732566616693	-0.211361947507606
10470.440	27.216	-25.438	1.88050026966084	0.252098799458604	-0.183511527777199
10517.768	14.990	-20.112	2.18240758658286	0.345548374837478	-0.253166115143957
10554.190	18.685	-21.432	2.17702525463132	0.257695926007053	-0.188144424270094
10594.182	16.303	-21.307	2.17113671165647	0.31618741468416	-0.229457985535261
10629.535	23.574	-19.051	2.1338174665187	0.300577075062681	-0.217791078774411
10670.833	19.885	-17.724	2.06449993651986	0.277720181119279	-0.198855810405575
10724.046	31.863	-33.327	1.94756653455865	0.337242673558374	-0.240513752187527
10790.117	43.519	-34.208	1.73270047446448	0.264096735319577	-0.188617497547245
10859.073	24.709	-25.437	1.55895465937723	0.322282224594712	-0.230354720408638
10901.982	21.917	-18.2	1.59163991628426	0.25426610983932	-0.181931630570944
10949.962	29.098	-26.063	1.62803592463037	0.33026038639362	-0.236579827118533
11004.753	21.945	-25.694	1.82699251181937	0.259750017944215	-0.186994293750845
11048.685	23.145	-21.987	2.01327207242426	0.294357750592512	-0.214009864833267
11101.658	20.318	-29.828	1.9879519724148	0.279214960740424	-0.203055408089829
11144.660	19.940	-22.684	1.79990760700684	0.263619038805239	-0.190829706617948
11181.268	25.957	-16.667	1.63887555270812	0.343525333099383	-0.248343699602178
11232.043	15.299	-24.818	1.37959300795034	0.233335996645678	-0.17011155785846
11262.884	14.545	-15.542	1.22267501016041	0.236561733104387	-0.174521159495452
11306.611	23.472	-29.182	1.11391385685299	0.273005216089935	-0.202095820044665
11354.371	25.858	-24.288	1.31825505151575	0.230243445495859	-0.167834985167287
11404.913	32.984	-24.684	1.53356506837211	0.299690139783824	-0.214910228246902
11466.361	21.683	-28.464	1.63495851559614	0.262396545039318	-0.187627707483593
11506.485	14.153	-18.442	1.63147527186675	0.305060965569025	-0.217286194755106
11537.559	20.689	-16.92	1.60289460335107	0.323489041025608	-0.230420434071698
11585.446	17.934	-27.198	1.50328135159277	0.247597506609022	-0.178523143015078
11630.950	27.590	-27.57	1.41753584514455	0.323261985978844	-0.234743636872449
11670.698	12.915	-12.158	1.44061972226713	0.243595855170146	-0.176269127265058
11709.304	26.963	-25.69	1.4629652361158	0.277922228356735	-0.19984660897301
11763.464	32.979	-27.197	1.55199149154149	0.285033682732019	-0.204301902665686
11832.533	26.592	-36.09	1.72954044368955	0.311468653645875	-0.218675854136398
11879.179	20.063	-20.054	1.8028678537015	0.337696588437144	-0.236749666228949
11930.453	18.935	-31.211	1.77744150958493	0.28996946576368	-0.205597013222783
11967.946	29.081	-18.558	1.70635554444407	0.339845238253239	-0.24155190287813
12011.191	13.417	-14.164	1.45244207762625	0.244752419952481	-0.176156198992927
12048.544	23.702	-23.937	1.23385830919749	0.299907501775765	-0.218366316117709
12088.180	24.182	-15.934	1.39207978873077	0.260273783160057	-0.189054658436455
12150.449	42.148	-38.086	1.76575155690116	0.284673483816645	-0.203557080734269
12214.152	28.591	-21.555	1.92799561471762	0.322424958039443	-0.230132734353187
12266.429	21.445	-23.686	1.7430385950103	0.253421057401551	-0.182571718152959
12317.444	45.650	-29.57	1.56330492878985	0.316566720796127	-0.229836352481566
12396.137	24.624	-33.044	1.92549585407336	0.244724423415015	-0.179234081016197
12457.601	30.857	-36.84	2.2729886578908	0.283579373323298	-0.210566740996578
12510.893	17.682	-22.435	2.35177508683461	0.3041444282879	-0.225970955218543
12572.322	21.444	-43.746	1.94686541179753	0.254502207457046	-0.184604878031667
12612.312	24.078	-18.547	1.6843328560916	0.321609505158419	-0.230828308078228
12661.457	17.557	-25.067	1.63862246177654	0.269561000010778	-0.194539720678178
12701.803	14.821	-22.789	1.68549200070855	0.216221953631439	-0.161487695854228
12747.709	21.568	-31.085	1.73863981009912	0.247400670015268	-0.191474452439544
12811.330	48.201	-42.053	1.75229126631841	0.26724109040387	-0.207054805466503
27615.852	47.275	-37.973	1.80676636568242	0.394974738624387	-0.276736040068004
27711.762	26.585	-48.634	1.94037367096649	0.299850089465274	-0.211272383731538
27782.217	36.363	-43.871	2.13589774258556	0.280117455075411	-0.20384200745738
27842.769	33.479	-24.189	2.25941472065256	0.335201583630448	-0.245670165602059
27912.343	46.647	-36.094	2.21294059238427	0.253037941171397	-0.185674958283078
27990.322	38.873	-31.332	2.1609895605675	0.302941858082633	-0.222735065190987
28073.826	28.081	-44.631	2.03329573863084	0.267916086604267	-0.194777068155044
28140.887	41.254	-38.98	1.90275011427974	0.303986556923721	-0.213948042019532
28233.523	46.403	-51.382	1.73108476766015	0.314305129469936	-0.220477007492174
28321.787	48.403	-41.861	1.57579029123615	0.271216064446055	-0.193498821610661
28413.432	36.991	-43.243	1.54245744078002	0.308065473834722	-0.220920567838751
28504.936	53.301	-54.513	1.77801341766787	0.256137295151923	-0.184615129476558
28599.362	44.124	-41.125	2.020299967631	0.359771632745076	-0.260131349299912
28684.506	34.199	-41.02	2.01881839922853	0.264162138959969	-0.18978207080876
28743.774	27.585	-25.069	2.0109411209214	0.342152239615844	-0.244581377801785
28814.722	36.870	-43.364	1.91146616995667	0.284802613867373	-0.203097277266164
28897.462	49.408	-45.869	1.76412496129275	0.317968607314482	-0.224649189440191
28984.975	29.592	-38.105	1.7610578011617	0.281210589881919	-0.198468954051034
29053.299	26.458	-38.732	1.82529747068253	0.322449492833243	-0.227292551319848
29126.007	33.984	-46.25	1.90650651255931	0.299165980384509	-0.211365125810204
29197.217	32.979	-37.226	1.99520054435512	0.302923817680474	-0.21711108221532
29255.515	29.841	-25.319	2.02640601449032	0.329073142780169	-0.236173686232585
29327.721	50.406	-42.364	1.99422139421901	0.269630498436449	-0.192529874861106
29439.910	58.567	-61.784	1.94429266486878	0.335954111039701	-0.238899497332515
29547.353	51.416	-48.876	1.89641951674401	0.290739288021037	-0.205442503155834
29623.336	28.086	-24.567	1.86287394150194	0.367771128600464	-0.259474798586804
29694.931	36.725	-43.509	1.8326917434426	0.274779523426189	-0.193818416576393
29775.769	66.208	-44.113	1.79880810470262	0.383440535044449	-0.270400446261133
29883.586	48.655	-41.608	1.75889242110081	0.257079867450846	-0.184270850753251
30002.607	44.970	-70.366	1.71499572137924	0.288964369017877	-0.215004926949118
30090.142	42.675	-42.565	1.70345982141472	0.307983856156935	-0.229310664701378
33370.013	28.599	-34.084	1.53816147319097	0.35451037658744	-0.252963473948482
33460.521	58.442	-61.91	1.55533121467678	0.330342338349771	-0.23582370514393
33582.049	47.236	-63.086	1.63032138398374	0.235229659833789	-0.17123801522592
33696.067	53.569	-66.782	1.70043109467689	0.198404439881803	-0.153349728305245
33812.845	32.069	-63.209	1.77009028580429	0.237203965475373	-0.18884358461314
33972.158	105.934	-127.244	1.75362447746303	0.214442873806886	-0.170026586664403
35189.180	34.608	-33.09	1.63032974150131	0.358507609984329	-0.254669179652673
35263.237	45.798	-39.45	1.62527716051036	0.311218480740792	-0.2210809366669
35350.277	28.964	-41.241	1.62347480017563	0.280176651936824	-0.199289784693821
35418.932	35.528	-39.691	1.64157691891951	0.328261200801427	-0.233496831776642
35489.181	27.962	-34.721	1.71340347831377	0.271346628864687	-0.191545697195973
35574.167	45.775	-57.025	1.7888332424252	0.372567529987243	-0.261738327681864
35700.457	47.358	-80.515	1.79155090385356	0.2862173712902	-0.200497525514292
35825.225	68.012	-77.41	1.79378392287653	0.395031008325685	-0.276400408610549
41763.114	3100.617	-248.21	1.84407290988562	0.316166938930083	-0.223836894295981
44905.926	45.561	-42.196	2.22055492229697	0.307876032166209	-0.226758633981634
45036.713	62.706	-85.226	2.25280665279047	0.331131492236591	-0.244111281554588
45132.636	39.495	-33.217	2.27640153135307	0.350055019097215	-0.258107996728792
45260.619	61.951	-88.488	2.11197368004347	0.262411528767492	-0.190582222714369
45409.801	80.759	-87.231	1.91170593991379	0.345291905007679	-0.243676406820775
45532.172	51.159	-41.612	1.78761610501925	0.28968233064272	-0.205644918200791
45624.940	58.684	-41.609	1.70745242870786	0.229967282332077	-0.169598621919363
45744.791	51.662	-61.167	1.60787299268774	0.281661810012693	-0.214859841947274
45845.818	50.921	-49.365	1.6115616943501	0.275837454691267	-0.210400048174501
50663.864	99.438	-58.523	1.77865078296263	0.389349224439762	-0.272375519146658
50873.968	97.442	-110.665	1.87626263202825	0.301427975523546	-0.211869346246009
51034.831	56.929	-63.422	2.0199093942308	0.284540351510264	-0.205743804511814
51176.807	75.422	-85.046	2.12163423247287	0.329277937535718	-0.239488452595675
51327.423	97.811	-75.194	2.16642394198297	0.240669251930188	-0.177988527288732
51485.146	60.439	-59.912	2.21318644722564	0.237364423279283	-0.182487550085837
51620.536	60.443	-74.952	2.24121640620916	0.284978179168916	-0.220584583094208
51759.609	76.816	-78.63	2.23481184782597	0.276976187304346	-0.214360110677751
56506.460	77.120	-88.363	2.02594236608503	0.359201339990807	-0.259489921964359
56660.155	91.415	-76.575	1.95929404839419	0.313438494975401	-0.226294217288844
56810.355	54.044	-58.785	1.76989613723862	0.272061462657178	-0.194034847218964
56910.400	76.858	-46	1.64401989437147	0.359184419241592	-0.255201604602724
57066.727	53.418	-79.47	1.69942940827489	0.266942504848245	-0.189017509806701
57206.508	61.569	-86.362	1.76283294832249	0.369578190222149	-0.260818040258903
57368.697	165.155	-100.62	1.74790554157522	0.283887270362015	-0.201296095892355
57627.491	81.872	-93.64	1.71244189382521	0.301675496794566	-0.219465130316049
57808.474	88.937	-99.11	1.71161486500039	0.332622618807587	-0.242172267166133
62249.280	84.024	-106.532	1.97655684655177	0.372774188130036	-0.265530674847504
62474.619	79.329	-141.315	1.93448681171164	0.306802944165195	-0.218309833105208
62645.318	79.128	-91.37	1.83985112568878	0.292254110983035	-0.206173814511652
62779.848	64.948	-55.403	1.76202558470839	0.3729294905355	-0.262563112600246
62916.241	91.531	-71.445	1.65405703707361	0.269708681781244	-0.190644253304206
63091.620	94.171	-83.849	1.51557067641529	0.337864870901047	-0.240685786350849
63278.777	92.555	-92.986	1.72028769000747	0.261773629805272	-0.186647514896811
63414.203	44.885	-42.871	1.90171243285382	0.314733918338972	-0.224649142835469
63534.671	57.304	-75.583	1.92135328234071	0.333234159182838	-0.238043393059506
63681.327	48.551	-89.351	1.68602174517186	0.237339084481857	-0.173200443854736
63805.328	85.017	-75.451	1.48746601217607	0.258613272485954	-0.193756290866865
64573.890	3403.010	-683.545	1.42020496653636	0.288767898868519	-0.216773028261528
108132.428	23527.498	-5452.9	2.07054904373447	0.261096668689883	-0.196480922846294
131947.938	288.667	-288.011	2.32164470505624	0.349603331210973	-0.263122002655932
147694.415	2781.548	-3927.908	2.46385971358416	0.409444161722136	-0.30813861978856
263741.078	7155.798	-5263.112	2.25516871682277	0.323517542507495	-0.243491785017791
