READ TERR 1 2
! xrtwtslewflux
355.70159179951	0.365297205299953	-0.344593789931025	0.000731194068556939	9.01478196920511e-05	-9.01478196920511e-05
356.38306106715	0.308304906901469	-0.316172062340513	0.000814170547495249	0.000102218817176056	-0.000102218817176056
357.017878543857	0.303299432377059	-0.326512569804947	0.000805503670098729	0.000100405937975864	-0.000100405937975864
357.60099922255	0.310881764243732	-0.27982124631626	0.000836778835459414	0.000105191973044992	-0.000105191973044992
358.262603273929	0.373384739918322	-0.350722287134715	0.000670049419703999	8.25610713692522e-05	-8.25610713692522e-05
358.898045626949	0.262797344956198	-0.262057613101774	0.000911154363222771	0.000111616410060386	-0.000111616410060386
359.528975553414	0.377323458395892	-0.368132581509144	0.000629950031040069	7.7379166543219e-05	-7.7379166543219e-05
360.399064196904	0.504444823901167	-0.492765185093845	0.000752626575663081	7.49794000485093e-05	-7.49794000485093e-05
NO NO NO NO NO NO
! xrtwtslewgamma
355.70159179951	0.365297205299953	-0.344593789931025	0.851511342848449	0.178100450702509	-0.15222378675698
356.38306106715	0.308304906901469	-0.316172062340513	0.863414602870181	0.141006920558985	-0.120410464640093
357.017878543857	0.303299432377059	-0.326512569804947	0.87448253407077	0.110772780650967	-0.0947678804741783
357.60099922255	0.310881764243732	-0.27982124631626	0.884631813116834	0.0903581301400306	-0.077964502772168
358.262603273929	0.373384739918322	-0.350722287134715	0.896127082067196	0.0826759657309127	-0.0726885129610988
358.898045626949	0.262797344956198	-0.262057613101774	0.907147827191085	0.0941981441676717	-0.0837106816442546
359.528975553414	0.377323458395892	-0.368132581509144	0.918071023013245	0.118713403563936	-0.105438912607889
360.399064196904	0.504444823901167	-0.492765185093845	0.933103334339273	0.162739766663851	-0.143812519260555
NO NO NO NO NO NO
! xrtwtflux
369.150	0.242	-0.336	0.000207832873441764	2.57389303437827e-05	-2.57389303437827e-05
369.737	0.316	-0.345	0.00021689123269048	2.64975244601016e-05	-2.64975244601016e-05
370.353	0.305	-0.3	0.000275584051213334	3.46002062115054e-05	-3.46002062115054e-05
370.898	0.276	-0.24	0.000377874578831853	4.51006923018332e-05	-4.51006923018332e-05
371.462	0.287	-0.288	0.000311652226164895	3.807444047539e-05	-3.807444047539e-05
372.016	0.295	-0.268	0.000338290553084287	4.13288193278007e-05	-4.13288193278007e-05
372.615	0.249	-0.304	0.000404028133472825	4.93599384077161e-05	-4.93599384077161e-05
373.134	0.255	-0.27	0.000459250265457774	5.45030501912856e-05	-5.45030501912856e-05
373.682	0.276	-0.294	0.000345165419561398	4.27467701857779e-05	-4.27467701857779e-05
374.220	0.256	-0.262	0.000378829440493682	4.62814436828657e-05	-4.62814436828657e-05
374.786	0.298	-0.31	0.000362238670136367	4.48612242808831e-05	-4.48612242808831e-05
375.313	0.273	-0.229	0.000506835130102119	6.14628751373911e-05	-6.14628751373911e-05
375.877	0.245	-0.29	0.000382718249410493	4.73974856745858e-05	-4.73974856745858e-05
376.348	0.277	-0.227	0.000364598760215446	4.38293975846911e-05	-4.38293975846911e-05
376.870	0.326	-0.245	0.000293128463072383	3.63023116781721e-05	-3.63023116781721e-05
377.467	0.235	-0.271	0.00043522822278367	4.99241638948301e-05	-4.99241638948301e-05
377.958	0.247	-0.257	0.000530581014529266	5.75496990678139e-05	-5.75496990678139e-05
378.448	0.282	-0.243	0.000402154728004806	4.91311052539664e-05	-4.91311052539664e-05
379.074	0.302	-0.344	0.000321132332856123	4.03188797653275e-05	-4.03188797653275e-05
379.610	0.283	-0.235	0.000382697511362496	4.64089541297523e-05	-4.64089541297523e-05
380.154	0.263	-0.26	0.000326522995885584	3.98912063293602e-05	-3.98912063293602e-05
380.681	0.240	-0.265	0.000356611630090438	4.21943936830904e-05	-4.21943936830904e-05
381.196	0.304	-0.275	0.000345534021545384	4.19022069695732e-05	-4.19022069695732e-05
381.798	0.292	-0.298	0.000404275035551166	5.07576520067316e-05	-5.07576520067316e-05
382.314	0.291	-0.223	0.000467669335899487	5.71349794400881e-05	-5.71349794400881e-05
382.863	0.245	-0.258	0.000479837900670925	5.85344807379159e-05	-5.85344807379159e-05
383.417	0.346	-0.308	0.00035290985267159	4.37058942972455e-05	-4.37058942972455e-05
384.049	0.226	-0.286	0.000442323330002201	5.4779238909724e-05	-5.4779238909724e-05
384.552	0.243	-0.277	0.000312972498384295	4.55514838579518e-05	-4.55514838579518e-05
385.040	0.264	-0.245	0.000436459950443976	5.33221342692893e-05	-5.33221342692893e-05
385.562	0.243	-0.258	0.000381481395746767	4.66054338145351e-05	-4.66054338145351e-05
386.092	0.290	-0.286	0.000279855288501889	3.41898261602738e-05	-3.41898261602738e-05
386.714	0.329	-0.332	0.000223019779906004	2.7246250177644e-05	-2.7246250177644e-05
387.284	0.265	-0.24	0.00034984069788515	4.24244747357029e-05	-4.24244747357029e-05
387.883	0.309	-0.335	0.000312024960179864	3.86425313262803e-05	-3.86425313262803e-05
388.455	0.270	-0.262	0.000265772008299169	4.03100295106199e-05	-4.03100295106199e-05
388.969	0.258	-0.244	0.000453409232116352	5.34348691441172e-05	-5.34348691441172e-05
389.498	0.277	-0.271	0.00035171973472334	4.35585121528583e-05	-4.35585121528583e-05
390.017	0.303	-0.243	0.000297952630644108	3.64007505494171e-05	-3.64007505494171e-05
390.642	0.310	-0.321	0.000227840579331625	2.78351866053093e-05	-2.78351866053093e-05
391.295	0.337	-0.343	0.00023760141816754	2.9027676125433e-05	-2.9027676125433e-05
391.902	0.246	-0.27	0.000303290489317479	3.70528904653177e-05	-3.70528904653177e-05
392.409	0.249	-0.261	0.000185817977664372	2.73357349365448e-05	-2.73357349365448e-05
392.981	0.247	-0.323	0.00020822233562422	2.57871573502851e-05	-2.57871573502851e-05
393.501	0.282	-0.273	0.000258891736417192	3.20622693468328e-05	-3.20622693468328e-05
394.080	0.267	-0.297	0.00031561111299892	3.90866557784655e-05	-3.90866557784655e-05
394.619	0.309	-0.273	0.000305889252519452	3.73703915203277e-05	-3.73703915203277e-05
395.238	0.277	-0.31	0.000268841468900805	3.37536652774383e-05	-3.37536652774383e-05
395.844	0.312	-0.328	0.000227894204895042	2.78417546964431e-05	-2.78417546964431e-05
396.435	0.264	-0.279	0.00016133804795153	2.45441273127305e-05	-2.45441273127305e-05
397.024	0.343	-0.326	0.000177649926629166	2.20009353831199e-05	-2.20009353831199e-05
397.683	0.416	-0.315	0.000169502078051235	2.07080079618033e-05	-2.07080079618033e-05
398.356	0.310	-0.257	0.000225338718393335	2.79069390870485e-05	-2.79069390870485e-05
398.965	0.278	-0.298	0.000137819282436293	2.05449023605313e-05	-2.05449023605313e-05
399.486	0.314	-0.243	0.0001969076822123	2.40561413003723e-05	-2.40561413003723e-05
400.090	0.307	-0.29	0.000170974362315695	2.14662161352607e-05	-2.14662161352607e-05
400.706	0.349	-0.309	0.000154030000017768	1.88177814981269e-05	-1.88177814981269e-05
401.297	0.264	-0.241	0.000163515482123601	2.41090674603507e-05	-2.41090674603507e-05
401.910	0.292	-0.348	0.000226102296271745	2.76228355180803e-05	-2.76228355180803e-05
402.456	0.276	-0.255	0.000254338435764185	3.19327651846048e-05	-3.19327651846048e-05
403.070	0.306	-0.338	0.00017647457002191	2.18553799482628e-05	-2.18553799482628e-05
403.647	0.258	-0.271	0.000146622075385365	2.23054073257553e-05	-2.23054073257553e-05
404.224	0.381	-0.32	0.000189169581061588	2.37506672520274e-05	-2.37506672520274e-05
404.842	0.269	-0.237	0.000180924383850793	2.80933820808231e-05	-2.80933820808231e-05
405.429	0.349	-0.319	0.000209195749277847	2.55573691982805e-05	-2.55573691982805e-05
406.088	0.257	-0.311	0.000140526461446203	2.09484720394418e-05	-2.09484720394418e-05
406.656	0.328	-0.31	0.000156297129666371	1.90947688507704e-05	-1.90947688507704e-05
407.288	0.315	-0.304	0.000170455756972398	2.29418686101382e-05	-2.29418686101382e-05
407.919	0.355	-0.316	0.00020866466296078	2.54924839202135e-05	-2.54924839202135e-05
408.566	0.293	-0.293	0.000148926740000745	2.04566859298949e-05	-2.04566859298949e-05
409.125	0.251	-0.265	0.00013225685960224	1.95002301730109e-05	-1.95002301730109e-05
409.665	0.376	-0.29	0.000121635116344558	1.6909592371439e-05	-1.6909592371439e-05
410.287	0.289	-0.246	0.000131792682834084	1.9181723662578e-05	-1.9181723662578e-05
410.892	0.278	-0.316	0.000109765734084392	1.63629275568534e-05	-1.63629275568534e-05
411.497	0.349	-0.327	0.000142152743577476	1.73667495583332e-05	-1.73667495583332e-05
412.183	0.296	-0.337	0.000100152581711299	1.49298804237574e-05	-1.49298804237574e-05
412.854	0.316	-0.374	8.48889904775643e-05	1.26545195809158e-05	-1.26545195809158e-05
413.511	0.267	-0.341	7.97780884880918e-05	1.18926281127532e-05	-1.18926281127532e-05
414.054	0.253	-0.276	8.43621335931907e-05	1.24385311316588e-05	-1.24385311316588e-05
414.689	0.440	-0.382	5.70932282498628e-05	8.51096388557579e-06	-8.51096388557579e-06
415.433	0.301	-0.304	8.29192243578971e-05	1.23608813809042e-05	-1.23608813809042e-05
416.002	0.253	-0.268	8.9274589082201e-05	1.33082814745151e-05	-1.33082814745151e-05
416.607	0.404	-0.352	5.68418642671994e-05	8.47349415490899e-06	-8.47349415490899e-06
417.331	0.342	-0.32	7.22983988204671e-05	1.07776215194294e-05	-1.07776215194294e-05
418.039	0.317	-0.367	8.03831088917825e-05	1.18518529370977e-05	-1.18518529370977e-05
418.707	0.317	-0.351	7.10517777397022e-05	1.05917874753144e-05	-1.05917874753144e-05
419.274	0.318	-0.251	8.26999367744944e-05	1.15803215123424e-05	-1.15803215123424e-05
420.055	0.330	-0.462	6.6730468343956e-05	9.83888169410213e-06	-9.83888169410213e-06
420.711	0.319	-0.327	0.000102721501651419	1.56268702025584e-05	-1.56268702025584e-05
421.433	0.387	-0.403	7.038747778508e-05	1.04927559571507e-05	-1.04927559571507e-05
422.195	0.339	-0.374	4.97782470073413e-05	7.7294168311578e-06	-7.7294168311578e-06
422.838	0.288	-0.304	5.52985192627623e-05	8.41248430733182e-06	-8.41248430733182e-06
423.521	0.384	-0.395	5.34142200040554e-05	7.96253035765908e-06	-7.96253035765908e-06
424.307	0.479	-0.401	5.64018816145468e-05	8.40790511495647e-06	-8.40790511495647e-06
425.121	0.361	-0.335	6.08339883555583e-05	9.06860432953701e-06	-9.06860432953701e-06
425.884	0.400	-0.403	4.63452851384141e-05	6.90875475980522e-06	-6.90875475980522e-06
426.644	0.266	-0.361	7.56300086800862e-05	1.1274269044654e-05	-1.1274269044654e-05
427.183	0.286	-0.272	0.00010062408443159	1.5000166816218e-05	-1.5000166816218e-05
427.938	0.291	-0.469	6.52448171606886e-05	1.01310162593996e-05	-1.01310162593996e-05
428.720	0.424	-0.492	4.8091042192426e-05	7.16899680796776e-06	-7.16899680796776e-06
429.503	0.441	-0.358	5.33321565966205e-05	7.95029650169679e-06	-7.95029650169679e-06
430.422	0.342	-0.478	5.11132591728516e-05	7.61952223619169e-06	-7.61952223619169e-06
431.303	0.473	-0.539	4.85167609331967e-05	7.23245936909985e-06	-7.23245936909985e-06
432.187	0.405	-0.411	7.52211899963486e-05	1.14432917987473e-05	-1.14432917987473e-05
433.258	0.560	-0.666	5.41998613861754e-05	8.079647298572e-06	-8.079647298572e-06
434.342	0.670	-0.524	4.64582307750466e-05	6.92559088417645e-06	-6.92559088417645e-06
435.533	0.451	-0.52	4.35131150841139e-05	6.48655805890852e-06	-6.48655805890852e-06
436.517	0.495	-0.533	2.90937958624757e-05	4.42599685920174e-06	-4.42599685920174e-06
437.542	0.490	-0.53	2.08193322999869e-05	3.16721489911196e-06	-3.16721489911196e-06
438.635	0.496	-0.604	2.33497266316499e-05	3.48077559526e-06	-3.48077559526e-06
439.603	0.565	-0.472	2.98537521239068e-05	4.45033891668319e-06	-4.45033891668319e-06
440.648	0.435	-0.48	3.83389051731347e-05	5.71523276262315e-06	-5.71523276262315e-06
441.630	0.492	-0.547	3.42565451258913e-05	5.21139878522977e-06	-5.21139878522977e-06
442.639	0.434	-0.518	3.77022653964985e-05	5.73559130909918e-06	-5.73559130909918e-06
443.589	0.504	-0.515	3.30229248182925e-05	4.92277183350304e-06	-4.92277183350304e-06
444.959	0.511	-0.866	2.18045507238564e-05	3.25043379087356e-06	-3.25043379087356e-06
446.032	0.427	-0.562	3.00917109825142e-05	4.48581208321666e-06	-4.48581208321666e-06
447.284	0.610	-0.824	2.0375082866326e-05	3.09963221615333e-06	-3.09963221615333e-06
448.692	0.603	-0.798	2.32119407350086e-05	3.46023586394771e-06	-3.46023586394771e-06
450.046	0.783	-0.751	2.55123086359428e-05	3.88115020769326e-06	-3.88115020769326e-06
451.494	0.653	-0.666	3.10322591034088e-05	4.91925951384685e-06	-4.91925951384685e-06
453.013	0.728	-0.866	2.20139496609307e-05	3.34895080629622e-06	-3.34895080629622e-06
454.637	0.715	-0.896	1.86984572315148e-05	2.84456880734724e-06	-2.84456880734724e-06
455.971	0.492	-0.62	2.50765998531974e-05	3.73820265240222e-06	-3.73820265240222e-06
457.110	0.686	-0.646	1.92872217388127e-05	2.87517189898246e-06	-2.87517189898246e-06
458.457	0.634	-0.661	2.12584799213847e-05	3.23402180177048e-06	-3.23402180177048e-06
459.859	0.803	-0.768	2.0461363435494e-05	3.11275743598028e-06	-3.11275743598028e-06
461.670	0.825	-1.008	1.82091132087049e-05	2.71445733445449e-06	-2.71445733445449e-06
463.017	0.550	-0.523	2.38509567393311e-05	3.62841150207401e-06	-3.62841150207401e-06
464.504	0.906	-0.937	1.05969936822533e-05	1.57970798074396e-06	-1.57970798074396e-06
466.439	0.744	-1.028	1.00799247679537e-05	1.50262786549741e-06	-1.50262786549741e-06
467.956	0.650	-0.774	1.29798467214363e-05	1.93492361254396e-06	-1.93492361254396e-06
469.616	0.927	-1.011	1.09201703014416e-05	1.69565071138198e-06	-1.69565071138198e-06
471.844	0.793	-1.301	1.71195812080741e-05	2.57477195907365e-06	-2.57477195907365e-06
473.508	0.954	-0.871	2.07941818992976e-05	3.09981737466159e-06	-3.09981737466159e-06
475.169	0.867	-0.706	1.64797047500504e-05	2.50703403084716e-06	-2.50703403084716e-06
477.018	1.280	-0.983	7.74617537297366e-06	1.15473244643984e-06	-1.15473244643984e-06
479.104	0.977	-0.806	8.29289925660074e-06	1.23623378435191e-06	-1.23623378435191e-06
481.370	1.045	-1.289	5.5238436733827e-06	8.40334374368669e-07	-8.40334374368669e-07
483.567	1.010	-1.152	5.38593714935758e-06	8.02888763394034e-07	-8.02888763394034e-07
485.937	1.190	-1.36	6.74551466398427e-06	1.02618518161827e-06	-1.02618518161827e-06
487.934	0.855	-0.808	1.75737170582072e-05	2.6197376462478e-06	-2.6197376462478e-06
489.809	0.943	-1.019	1.94046611049857e-05	2.89267891820277e-06	-2.89267891820277e-06
492.313	1.449	-1.561	8.29320517337869e-06	1.23627918415195e-06	-1.23627918415195e-06
494.867	0.826	-1.104	1.02797618340398e-05	1.56384532035751e-06	-1.56384532035751e-06
497.530	1.528	-1.838	6.10513975135452e-06	9.10101566898599e-07	-9.10101566898599e-07
500.735	1.388	-1.676	6.64527440729322e-06	9.90620142334634e-07	-9.90620142334634e-07
503.774	1.362	-1.652	6.47482966960816e-06	9.6521136219896e-07	-9.6521136219896e-07
506.846	1.372	-1.71	6.00491940492929e-06	8.95161689291364e-07	-8.95161689291364e-07
509.620	1.316	-1.402	5.94186353830728e-06	8.85761883552606e-07	-8.85761883552606e-07
512.585	1.769	-1.649	4.03143161868754e-06	6.13295959698229e-07	-6.13295959698229e-07
516.010	2.006	-1.656	3.14155294708341e-06	4.87810454959285e-07	-4.87810454959285e-07
519.594	1.574	-1.578	4.62031074560908e-06	7.02881064265417e-07	-7.02881064265417e-07
522.548	1.202	-1.379	6.89080603629888e-06	1.0272219820926e-06	-1.0272219820926e-06
525.288	1.260	-1.539	8.8631508313183e-06	1.34833847508236e-06	-1.34833847508236e-06
528.212	1.347	-1.664	1.58893584594452e-05	2.36864812517103e-06	-2.36864812517103e-06
530.942	1.040	-1.383	2.68701500033687e-05	4.12302448894e-06	-4.12302448894e-06
532.730	1.198	-0.748	3.30421933597677e-05	4.92564409000073e-06	-4.92564409000073e-06
534.931	0.892	-1.003	3.68358755612177e-05	5.43115803654371e-06	-5.43115803654371e-06
536.523	0.736	-0.7	5.46448442152477e-05	8.14598010210643e-06	-8.14598010210643e-06
538.121	0.607	-0.862	5.79281677409061e-05	8.63543004119074e-06	-8.63543004119074e-06
539.460	0.693	-0.732	5.11330182767316e-05	7.93977734936412e-06	-7.93977734936412e-06
540.780	0.501	-0.627	5.89116376393083e-05	8.78203669520123e-06	-8.78203669520123e-06
541.855	0.525	-0.574	7.44365569300026e-05	1.10963559868807e-05	-1.10963559868807e-05
543.082	0.743	-0.701	6.96118119067665e-05	1.10349222628574e-05	-1.10349222628574e-05
544.313	0.447	-0.488	0.000114645100682914	1.70902980088985e-05	-1.70902980088985e-05
545.409	0.468	-0.649	8.38268424878336e-05	1.24961793426393e-05	-1.24961793426393e-05
546.499	0.611	-0.622	6.60287529146288e-05	1.00448580593548e-05	-1.00448580593548e-05
547.711	0.769	-0.601	5.48661803409758e-05	8.34671285546999e-06	-8.34671285546999e-06
549.070	0.578	-0.591	6.47571097440782e-05	9.65342809386559e-06	-9.65342809386559e-06
550.327	0.501	-0.679	7.9696318289604e-05	1.2124086983501e-05	-1.2124086983501e-05
551.268	0.516	-0.44	0.000115527393831612	1.72218258130526e-05	-1.72218258130526e-05
552.254	0.440	-0.471	0.000125943546842568	1.87745735147957e-05	-1.87745735147957e-05
553.374	0.618	-0.679	9.24172607366799e-05	1.37767663228042e-05	-1.37767663228042e-05
554.465	0.451	-0.474	0.000120266315384129	1.86745828773148e-05	-1.86745828773148e-05
555.358	0.446	-0.442	0.000119588935675358	1.78272831193789e-05	-1.78272831193789e-05
556.294	0.492	-0.49	9.85453797993393e-05	1.49915672821434e-05	-1.49915672821434e-05
557.342	0.272	-0.556	0.000122131357784529	1.85796677950282e-05	-1.85796677950282e-05
558.099	0.406	-0.486	0.000118723063693337	1.7698205678202e-05	-1.7698205678202e-05
558.882	0.389	-0.377	0.000154580240971273	2.3043481562388e-05	-2.3043481562388e-05
559.796	0.395	-0.524	0.000156154554765107	2.32781688416162e-05	-2.32781688416162e-05
560.587	0.284	-0.396	0.000249446684110802	3.7185347064626e-05	-3.7185347064626e-05
561.297	0.476	-0.426	0.000178318612644159	2.71273505339965e-05	-2.71273505339965e-05
562.266	0.541	-0.493	0.000133701337984304	2.03397933530399e-05	-2.03397933530399e-05
563.253	0.500	-0.447	0.000127060123587832	1.89410243495568e-05	-1.89410243495568e-05
564.277	0.423	-0.523	9.46757340216192e-05	1.44028825909835e-05	-1.44028825909835e-05
565.150	0.451	-0.451	7.74755647378151e-05	1.15493857693593e-05	-1.15493857693593e-05
566.197	0.633	-0.595	5.54362119475652e-05	8.26395189795317e-06	-8.26395189795317e-06
567.234	0.439	-0.404	0.0001077818015409	1.60671783816243e-05	-1.60671783816243e-05
568.120	0.446	-0.447	0.00012452740208731	1.85634673927556e-05	-1.85634673927556e-05
569.007	0.436	-0.441	0.000122503518194032	1.86362856089329e-05	-1.86362856089329e-05
569.857	0.451	-0.414	0.000121997526468775	1.85593086319392e-05	-1.85593086319392e-05
570.770	0.511	-0.462	0.000107898080340179	1.60845125927433e-05	-1.60845125927433e-05
571.623	0.357	-0.342	0.000149745883854421	2.2780626642712e-05	-2.2780626642712e-05
NO NO NO NO NO NO
! xrtwtgamma
369.150	0.242	-0.336	1.31054503215269	0.222579723502807	-0.184787921928078
369.737	0.316	-0.345	1.20919986305563	0.138918076028149	-0.115293712807135
370.353	0.305	-0.3	1.10302073342972	0.139745008250293	-0.115331955389717
370.898	0.276	-0.24	1.05795080279369	0.14277900134965	-0.117770252599751
371.462	0.287	-0.288	1.07216673607339	0.137320718941243	-0.113392279709595
372.016	0.295	-0.268	1.03305306281709	0.140758484277099	-0.116201780367479
372.615	0.249	-0.304	0.928316445713207	0.140162136375978	-0.115252137735265
373.134	0.255	-0.27	0.917096417499267	0.143251838020628	-0.117760904492053
373.682	0.276	-0.294	1.00571582604573	0.139161082321737	-0.114629667311558
374.220	0.256	-0.262	1.01340437789159	0.147128989017377	-0.121359382780655
374.786	0.298	-0.31	0.930461508975907	0.112361064817657	-0.0943412477965795
375.313	0.273	-0.229	0.853346318410959	0.142764357906858	-0.121332697061467
375.877	0.245	-0.29	0.976154885586564	0.111460582290184	-0.093673383988511
376.348	0.277	-0.227	1.08486873836473	0.141764144349991	-0.117578761450717
376.870	0.326	-0.245	1.10723554685476	0.140353039960751	-0.116427302756881
377.467	0.235	-0.271	1.02083221629576	0.114914238376458	-0.0971794670010519
377.958	0.247	-0.257	0.968525373019567	0.133181340386717	-0.113191745203303
378.448	0.282	-0.243	0.966986727840049	0.104212694646197	-0.088565332659668
379.074	0.302	-0.344	0.965023925862788	0.126931310497643	-0.107860454766125
379.610	0.283	-0.235	1.01535700825932	0.118644409065749	-0.100129179398699
380.154	0.263	-0.26	1.09981969441207	0.139228721325654	-0.114105651445267
380.681	0.240	-0.265	1.12524931269067	0.168216789365274	-0.137338434189042
381.196	0.304	-0.275	1.00799299706332	0.117460952021994	-0.0975462604639231
381.798	0.292	-0.298	0.871128983913926	0.143504084228789	-0.122079342167859
382.314	0.291	-0.223	0.880254336318688	0.109001709536949	-0.0926746549702196
382.863	0.245	-0.258	0.890210442714427	0.106794737689094	-0.0906179663302808
383.417	0.346	-0.308	0.90024276250402	0.141911387468011	-0.120320028502261
384.049	0.226	-0.286	0.912885103820886	0.108372295766108	-0.091824431575258
384.552	0.243	-0.277	0.923013343712012	0.111378084865187	-0.0942325748728598
385.040	0.264	-0.245	0.932826895372758	0.144704498264596	-0.122365717503479
385.562	0.243	-0.258	1.02640160953023	0.114341102764546	-0.0966276180738728
386.092	0.290	-0.286	1.13390832820333	0.118526230477733	-0.0999491298490762
386.714	0.329	-0.332	1.19011607884801	0.13759301518135	-0.115840397407822
387.284	0.265	-0.24	1.08708054582074	0.126560483187242	-0.104272967982256
387.883	0.309	-0.335	0.991533231218698	0.173755435593383	-0.142009884776613
388.455	0.270	-0.262	0.977118567357219	0.120341589942253	-0.0995605765194746
388.969	0.258	-0.244	0.964183625077832	0.125089420491197	-0.105909995507216
389.498	0.277	-0.271	1.01629719333566	0.122746730054416	-0.103629392214063
390.017	0.303	-0.243	1.12840958413507	0.136511913983507	-0.111481758877567
390.642	0.310	-0.321	1.20560092249672	0.168474612334754	-0.136654084491536
391.295	0.337	-0.343	1.13506253626095	0.138802177864419	-0.114171537837958
391.902	0.246	-0.27	1.15352362642998	0.141569903601504	-0.116879568084041
392.409	0.249	-0.261	1.24549715568088	0.122762543334737	-0.102384574364733
392.981	0.247	-0.323	1.31454100094794	0.155492753420595	-0.130290567970732
393.501	0.282	-0.273	1.19723540142229	0.115693305421802	-0.0970356879322468
394.080	0.267	-0.297	1.06680238573578	0.142838614381165	-0.119979964438399
394.619	0.309	-0.273	1.07408492070853	0.123164207414297	-0.103259493305365
395.238	0.277	-0.31	1.1362060773128	0.134644944731138	-0.11190118346273
395.844	0.312	-0.328	1.19673825011258	0.1438952671325	-0.119516192139659
396.435	0.264	-0.279	1.2554460381273	0.119160233681122	-0.0995679028155439
397.024	0.343	-0.326	1.31386814093927	0.159484427246363	-0.133760973298616
397.683	0.416	-0.315	1.29505795334575	0.129406714584794	-0.106220522328557
398.356	0.310	-0.257	1.27048406026822	0.202836792606668	-0.163655448191002
398.965	0.278	-0.298	1.32222664309107	0.132020609416932	-0.108043784242776
399.486	0.314	-0.243	1.36663811179397	0.15199651633895	-0.127154125018246
400.090	0.307	-0.29	1.39545639209313	0.129069845648182	-0.106398447355551
400.706	0.349	-0.309	1.41921150196579	0.195064772882245	-0.15765965302602
401.297	0.264	-0.241	1.32469628186718	0.13711728407443	-0.111825477761661
401.910	0.292	-0.348	1.21557635104823	0.138925887355801	-0.11672784447681
402.456	0.276	-0.255	1.24583534406808	0.127097544857437	-0.10579364478069
403.070	0.306	-0.338	1.35312657724717	0.172317947669442	-0.138645137133113
403.647	0.258	-0.271	1.3417119852776	0.156651030825492	-0.125906344597047
404.224	0.381	-0.32	1.25660497633591	0.176421859009551	-0.142062318665963
404.842	0.269	-0.237	1.23531405208001	0.146581514759618	-0.118248482920206
405.429	0.349	-0.319	1.23863365644585	0.176643193755121	-0.143142873631923
406.088	0.257	-0.311	1.33291392635369	0.142834371170049	-0.115504763633393
406.656	0.328	-0.31	1.43414783977467	0.202111644358213	-0.163020141270802
407.288	0.315	-0.304	1.29978268076332	0.143900949515407	-0.116264685360383
407.919	0.355	-0.316	1.23611752745711	0.169356230697608	-0.136926261085621
408.566	0.293	-0.293	1.37630517811096	0.166778655962846	-0.133972575665005
409.125	0.251	-0.265	1.43676646971052	0.165131452540977	-0.132647471581951
409.665	0.376	-0.29	1.44093604653828	0.162499002796896	-0.131134405055896
410.287	0.289	-0.246	1.44554764239341	0.160397140028929	-0.129721153644449
410.892	0.278	-0.316	1.4498778957345	0.146135759639842	-0.119695942148283
411.497	0.349	-0.327	1.45576531702632	0.161403643731886	-0.13242971891185
412.183	0.296	-0.337	1.46562066265096	0.157063912157543	-0.126388055447135
412.854	0.316	-0.374	1.50926740024458	0.179417370040055	-0.14389602800857
413.511	0.267	-0.341	1.61249367482314	0.157336037164623	-0.127062784460214
414.054	0.253	-0.276	1.67138031718827	0.191616340012996	-0.154999593183055
414.689	0.440	-0.382	1.63179581540982	0.150510691542457	-0.121159271752767
415.433	0.301	-0.304	1.59588831395222	0.202870444215775	-0.162724513044298
416.002	0.253	-0.268	1.63630253132551	0.150728697047992	-0.121275868295168
416.607	0.404	-0.352	1.67921312187453	0.204711148490352	-0.165235402507953
417.331	0.342	-0.32	1.62089967940609	0.151510267038255	-0.121813640972304
418.039	0.317	-0.367	1.55804169451353	0.206548954793567	-0.165262808104673
418.707	0.317	-0.351	1.62566824578562	0.152221699285891	-0.122291090573112
419.274	0.318	-0.251	1.69700230438314	0.186521769951316	-0.150792625567447
420.055	0.330	-0.462	1.57615291755346	0.150147465815173	-0.121075376319966
420.711	0.319	-0.327	1.43004896846898	0.184560305804339	-0.148098487318653
421.433	0.387	-0.403	1.53329722828021	0.15840458904498	-0.127347431686397
422.195	0.339	-0.374	1.75086924510973	0.169686158545019	-0.137613975990098
422.838	0.288	-0.304	1.79963035419675	0.174686384771904	-0.141693847711664
423.521	0.384	-0.395	1.68078574464852	0.154844908499804	-0.124539414802661
424.307	0.479	-0.401	1.58726575206125	0.197691115959805	-0.158450922956244
425.121	0.361	-0.335	1.67321819796994	0.150648964856522	-0.121596916730122
425.884	0.400	-0.403	1.74253403119666	0.201870632988567	-0.163633193306037
426.644	0.266	-0.361	1.61175096296931	0.154932335416181	-0.123959668895123
427.183	0.286	-0.272	1.51913935920426	0.209354312529395	-0.166318841138525
427.938	0.291	-0.469	1.57130063749841	0.157027976471696	-0.125358333851606
428.720	0.424	-0.492	1.65229323278207	0.196661400771419	-0.158570405193278
429.503	0.441	-0.358	1.67060559314347	0.155428254231491	-0.125365232044883
430.422	0.342	-0.478	1.67928450738326	0.182176941233753	-0.147043290146231
431.303	0.473	-0.539	1.59134982386743	0.160706151116	-0.129654471479625
432.187	0.405	-0.411	1.45882239153604	0.162174411080177	-0.130525914434202
433.258	0.560	-0.666	1.42434817408913	0.169291290334928	-0.136153742282793
434.342	0.670	-0.524	1.52573012617216	0.161574952585132	-0.129543837950754
435.533	0.451	-0.52	1.67181034954123	0.182447966427977	-0.146303233498862
436.517	0.495	-0.533	1.84273887169083	0.146715722321257	-0.119240803641802
437.542	0.490	-0.53	2.02038017747299	0.193616334319395	-0.158907811795708
438.635	0.496	-0.604	1.9318902054722	0.145083546586718	-0.118673457115586
439.603	0.565	-0.472	1.83690858344688	0.166482882235148	-0.135305028573626
440.648	0.435	-0.48	1.77369756471883	0.168756825130371	-0.136965185289622
441.630	0.492	-0.547	1.75779238661945	0.156611309869821	-0.126326031960447
442.639	0.434	-0.518	1.75337514984735	0.198923238426988	-0.160159913545064
443.589	0.504	-0.515	1.7947372259526	0.149558026438388	-0.120992555721642
444.959	0.511	-0.866	1.85422997572737	0.197264347455189	-0.160939132994003
446.032	0.427	-0.562	1.85871590674504	0.151794982279103	-0.123751172808116
447.284	0.610	-0.824	1.86047042231701	0.162765117841885	-0.132356148225189
448.692	0.603	-0.798	1.81180669929449	0.170327801225303	-0.137907730591041
450.046	0.783	-0.751	1.70698095805022	0.180517811667125	-0.141672397650904
451.494	0.653	-0.666	1.66726807349518	0.209855808082995	-0.163943333259318
453.013	0.728	-0.866	1.76450878350229	0.158491435452442	-0.127265472725593
454.637	0.715	-0.896	1.8556777197232	0.178869540875117	-0.145534060756341
455.971	0.492	-0.62	1.90428076918808	0.143237245978589	-0.117051409557272
457.110	0.686	-0.646	1.94566677204967	0.179006208792835	-0.146750412233417
458.457	0.634	-0.661	1.90244219208496	0.155316290499707	-0.127138845258464
459.859	0.803	-0.768	1.82309637516267	0.153720530012636	-0.124821388116872
461.670	0.825	-1.008	1.81068343996524	0.179499250142475	-0.145490486935657
463.017	0.550	-0.523	1.93665200880112	0.143152977814236	-0.116891269376104
464.504	0.906	-0.937	2.07528820489651	0.170472029806769	-0.140484282100261
466.439	0.744	-1.028	2.11334288963872	0.155729762296652	-0.12612418770247
467.956	0.650	-0.774	2.09698721446966	0.197345983705198	-0.154610473486145
469.616	0.927	-1.011	2.01254294375688	0.216563479253743	-0.169175653080655
471.844	0.793	-1.301	1.76213584174095	0.172232451101923	-0.138006789937906
473.508	0.954	-0.871	1.72862849968682	0.183641380360846	-0.147884685359978
475.169	0.867	-0.706	1.91444755777655	0.142945803901378	-0.116650140470984
477.018	1.280	-0.983	2.12053605803774	0.177461511706746	-0.146937517288015
479.104	0.977	-0.806	2.20378110007394	0.150906376816396	-0.124998468391215
481.370	1.045	-1.289	2.2612850837607	0.13761679886084	-0.114081236842674
483.567	1.010	-1.152	2.31678018931841	0.174551318381522	-0.144765306181341
485.937	1.190	-1.36	2.11483714362992	0.152989669705161	-0.124521786795124
487.934	0.855	-0.808	1.85912778959752	0.191045029245568	-0.149367481817756
489.809	0.943	-1.019	1.72921563924294	0.22350723748292	-0.173941214152719
492.313	1.449	-1.561	1.94486034135272	0.181945160330816	-0.143896634597836
494.867	0.826	-1.104	2.05452836543439	0.191897788801815	-0.152338940913129
497.530	1.528	-1.838	2.04512971654198	0.177750721554214	-0.141520819316445
500.735	1.388	-1.676	2.0498149545019	0.188216262347676	-0.1502010128537
503.774	1.362	-1.652	2.07065497839119	0.149069641479705	-0.121593858095013
506.846	1.372	-1.71	2.09644422407182	0.187556696486649	-0.154832310215534
509.620	1.316	-1.402	2.16102542435052	0.144535061234048	-0.119443013978171
512.585	1.769	-1.649	2.22966575210801	0.140174171850252	-0.116217998163003
516.010	2.006	-1.656	2.30846266551899	0.189573913505904	-0.157401792667819
519.594	1.574	-1.578	2.20282583805843	0.15166404397799	-0.122763053433465
522.548	1.202	-1.379	2.11443263576821	0.200262370980112	-0.158167037960728
525.288	1.260	-1.539	1.93630245382122	0.2005269111677	-0.158161390171645
528.212	1.347	-1.664	1.59878321848585	0.172044898521608	-0.137009655372944
530.942	1.040	-1.383	1.43285035011338	0.167550146173219	-0.1337626962366
532.730	1.198	-0.748	1.44436505029491	0.161756595243794	-0.129646134461852
534.931	0.892	-1.003	1.40943623109779	0.170048771032494	-0.136508840214049
536.523	0.736	-0.7	1.32881057473966	0.150492347173128	-0.12152090078644
538.121	0.607	-0.862	1.28152031817485	0.180521903555852	-0.146037422003329
539.460	0.693	-0.732	1.35451009668422	0.147413413682998	-0.118617027601125
540.780	0.501	-0.627	1.42628705712729	0.209132128796318	-0.167721574113073
541.855	0.525	-0.574	1.30198034272133	0.152287269981285	-0.122318781067181
543.082	0.743	-0.701	1.15151206721738	0.166779876923021	-0.134567770409172
544.313	0.447	-0.488	1.14275433146412	0.15600834042608	-0.125922275013095
545.409	0.468	-0.649	1.22422406312357	0.14946591917113	-0.1206514812357
546.499	0.611	-0.622	1.30001464496094	0.190938303606417	-0.154083735639765
547.711	0.769	-0.601	1.34650958506292	0.171256218784091	-0.133213290238788
549.070	0.578	-0.591	1.35039836640777	0.224911886952426	-0.172699004254095
550.327	0.501	-0.679	1.211960342343	0.155931772998656	-0.124618475410675
551.268	0.516	-0.44	1.12499223391046	0.180768744331904	-0.146708561303083
552.254	0.440	-0.471	1.1008119884394	0.137491491620472	-0.111684166806236
553.374	0.618	-0.679	1.07339789976786	0.164866318122767	-0.134117367203817
554.465	0.451	-0.474	1.10049516968952	0.148917987190118	-0.12099759454358
555.358	0.446	-0.442	1.14858713665859	0.145929064008323	-0.11788151235996
556.294	0.492	-0.49	1.19661962910452	0.199115605460052	-0.160508057874582
557.342	0.272	-0.556	1.17010767579846	0.139108149984454	-0.112666770285433
558.099	0.406	-0.486	1.15098833477793	0.166982335598403	-0.135883514164719
558.882	0.389	-0.377	1.07797188686909	0.157058202603619	-0.127918357712393
559.796	0.395	-0.524	0.953649840015797	0.129434594382188	-0.106118247493748
560.587	0.284	-0.396	0.846221960877683	0.160551451886166	-0.132186885561808
561.297	0.476	-0.426	0.870347824133099	0.146089447485665	-0.120194616722832
562.266	0.541	-0.493	0.969429170697712	0.131695418860484	-0.107502137228029
563.253	0.500	-0.447	1.07017564990531	0.177311238285282	-0.144057702765488
564.277	0.423	-0.523	1.23715274407006	0.145095116387137	-0.117367013932848
565.150	0.451	-0.451	1.3931173225051	0.169415678130921	-0.135759102820475
566.197	0.633	-0.595	1.40908400216359	0.173377439842657	-0.138915061454599
567.234	0.439	-0.404	1.23858335493332	0.146286041666879	-0.118682253143244
568.120	0.446	-0.447	1.11976937809252	0.177926646996134	-0.144917123965979
569.007	0.436	-0.441	1.13163296301696	0.135841023470827	-0.110540324757344
569.857	0.451	-0.414	1.14298433481348	0.164331614708496	-0.133571594797892
570.770	0.511	-0.462	1.15515819836579	0.24331576989011	-0.197770185976615
571.623	0.357	-0.342	1.14800024707735	0.193350517247162	-0.157146320458656
NO NO NO NO NO NO
! xrtpcflux
5557.542	19.732	-25.399	7.13581580131187e-07	1.52343386634539e-07	-1.52343386634539e-07
5590.432	14.423	-13.158	1.0217868812139e-06	2.28820948877001e-07	-2.28820948877001e-07
5620.908	11.527	-16.054	1.06502121625456e-06	2.33070989256826e-07	-2.33070989256826e-07
5653.108	19.443	-20.674	6.83418313351734e-07	1.53045989852862e-07	-1.53045989852862e-07
5694.607	15.554	-22.055	1.14481917190057e-06	2.09851839649102e-07	-2.09851839649102e-07
5875.587	18.815	-16.287	1.24534500952497e-06	2.79314942215771e-07	-2.79314942215771e-07
5913.452	16.053	-19.049	1.03578997321011e-06	2.33023446412158e-07	-2.33023446412158e-07
5938.756	8.300	-9.251	1.66522944762745e-06	3.63382819562207e-07	-3.63382819562207e-07
5960.365	11.765	-13.308	1.03852831979187e-06	2.26625518705331e-07	-2.26625518705331e-07
5996.943	15.303	-24.814	9.35198752010545e-07	2.10393197584218e-07	-2.10393197584218e-07
6027.159	12.668	-14.912	1.6676319530789e-06	3.75169740450374e-07	-3.75169740450374e-07
6053.987	15.927	-14.16	1.09755575835142e-06	2.46542689864174e-07	-2.46542689864174e-07
6091.846	15.678	-21.932	5.54051956382328e-07	1.24646007726157e-07	-1.24646007726157e-07
6124.817	15.302	-17.293	6.63338380923737e-07	1.48552279404244e-07	-1.48552279404244e-07
6160.290	19.946	-20.171	7.01139462168555e-07	1.57017658895197e-07	-1.57017658895197e-07
6191.515	13.794	-11.279	1.31833227526533e-06	2.96135544744151e-07	-2.96135544744151e-07
6220.591	29.850	-15.282	8.27482848756326e-07	1.87591136771353e-07	-1.87591136771353e-07
6275.915	29.684	-25.474	8.11581108782807e-07	1.66929190789408e-07	-1.66929190789408e-07
9560.367	41.029	-49.234	2.29568490469841e-07	5.14969528806116e-08	-5.14969528806116e-08
9645.129	26.472	-43.732	3.07926819392081e-07	6.91479317175735e-08	-6.91479317175735e-08
9708.938	30.361	-37.337	3.08862719661554e-07	6.93581070122061e-08	-6.93581070122061e-08
9796.987	45.110	-57.688	3.58615394808617e-07	5.99812920506945e-08	-5.99812920506945e-08
11676.635	46.421	-46.35	1.93829820475996e-07	4.24511391586882e-08	-4.24511391586882e-08
11759.018	29.227	-35.963	2.52650709519443e-07	5.67647123283916e-08	-5.67647123283916e-08
11852.760	55.837	-64.514	1.3609675361725e-07	3.06070473729315e-08	-3.06070473729315e-08
11999.173	77.797	-90.576	1.51185872856069e-07	2.88108919823267e-08	-2.88108919823267e-08
15409.888	47.909	-32.326	1.50393526029882e-07	3.36635318894273e-08	-3.36635318894273e-08
15482.735	35.237	-24.939	2.16760569423717e-07	4.86187028781629e-08	-4.86187028781629e-08
15552.309	38.376	-34.337	2.478581010464e-07	5.56510257839209e-08	-5.56510257839209e-08
15630.127	35.778	-39.442	3.66949222488907e-07	8.04677909405736e-08	-8.04677909405736e-08
15705.253	35.871	-39.349	2.26325762998577e-07	5.08164143299064e-08	-5.08164143299064e-08
15776.868	34.461	-35.744	1.60851035914016e-07	3.51692614521109e-08	-3.51692614521109e-08
15837.269	36.743	-25.94	1.16714838430328e-07	2.62057180047096e-08	-2.62057180047096e-08
15956.873	65.066	-82.861	7.77526617736226e-08	1.28251109472338e-08	-1.28251109472338e-08
17724.172	101.677	-111.444	4.06988420321274e-08	8.95153636670271e-09	-8.95153636670271e-09
21162.183	118.353	-124.856	2.31261300371527e-08	6.06947613263292e-09	-6.06947613263292e-09
21416.472	74.678	-135.936	2.85564974432776e-08	7.23250133612018e-09	-7.23250133612018e-09
21578.258	98.434	-87.107	3.04316999253297e-08	7.95408504234383e-09	-7.95408504234383e-09
21890.909	252.137	-214.217	2.11611819913224e-08	4.19712789754933e-09	-4.19712789754933e-09
27180.208	408.322	-331.336	9.27324482412027e-09	2.42621416064348e-09	-2.42621416064348e-09
27958.772	364.393	-370.241	1.30818250729731e-08	2.81513924672616e-09	-2.81513924672616e-09
56278.995	312.867	-379.152	1.7957762725529e-08	4.70141186584802e-09	-4.70141186584802e-09
57157.914	950.861	-566.052	1.22809764020878e-08	2.73919704667014e-09	-2.73919704667014e-09
61995.818	525.161	-605.631	1.4927211851024e-08	3.60253890112843e-09	-3.60253890112843e-09
67344.024	236.775	-202.005	2.02049474864595e-08	5.26313675058293e-09	-5.26313675058293e-09
67760.218	296.972	-179.418	1.88968728880044e-08	4.91471478691698e-09	-4.91471478691698e-09
68264.896	198.470	-207.707	2.36850563380558e-08	5.97920600521235e-09	-5.97920600521235e-09
69174.174	129.020	-169.349	3.10461659930376e-08	7.84959013258122e-09	-7.84959013258122e-09
148150.112	363.020	-411.742	1.30501483206339e-08	3.46641620993455e-09	-3.46641620993455e-09
149032.345	448.612	-519.213	1.03886351279713e-08	2.72509472023293e-09	-2.72509472023293e-09
149743.188	477.409	-262.232	1.43573551787027e-08	3.63106984787093e-09	-3.63106984787093e-09
154338.297	398.726	-764.669	9.11774251245965e-09	2.42361632459296e-09	-2.42361632459296e-09
155446.115	4596.199	-709.092	1.3886227126088e-08	2.8233863288558e-09	-2.8233863288558e-09
217769.393	692.562	-769.194	2.20761397691852e-08	5.68397529554874e-09	-5.68397529554874e-09
223217.124	1005.963	-754.162	1.58942605986529e-08	3.36468601113464e-09	-3.36468601113464e-09
229593.622	890.379	-872.253	2.47875365441551e-08	5.1623115085224e-09	-5.1623115085224e-09
305290.047	4097.290	-2207.629	1.2720033034403e-08	2.80096127555663e-09	-2.80096127555663e-09
397195.975	17045.284	-12702.221	6.06154490816484e-09	9.4317454341654e-10	-9.4317454341654e-10
464736.267	6807.034	-6139.279	6.28966042121785e-09	1.18470120713713e-09	-1.18470120713713e-09
555284.427	8837.371	-9330.471	4.73306409598248e-09	1.05877732243022e-09	-1.05877732243022e-09
630958.095	7444.850	-5476.724	4.42076914970796e-09	1.16265185559913e-09	-1.16265185559913e-09
807824.285	100790.194	-96031.456	1.09347053465603e-09	2.88304850379801e-10	-2.88304850379801e-10
1001274.854	56647.944	-64530.077	5.51945701978385e-10	1.52561195722498e-10	-1.52561195722498e-10
1203793.675	43909.653	-52878.102	4.56278180693205e-10	1.22010978273517e-10	-1.22010978273517e-10
1396582.327	76240.469	-108428.577	2.04951941083075e-10	6.02746212126209e-11	-6.02746212126209e-11
NO NO NO NO NO NO
! xrtpcgamma
5557.542	19.732	-25.399	1.74882785797716	0.402434162992241	-0.295427733939901
5590.432	14.423	-13.158	1.76110665451922	0.278516851504802	-0.204411971812155
5620.908	11.527	-16.054	1.77241992389455	0.211031523141121	-0.157578808871197
5653.108	19.443	-20.674	1.78430672572821	0.236679525903267	-0.181138003529178
5694.607	15.554	-22.055	1.7553786433802	0.240297164677056	-0.183725454818864
5875.587	18.815	-16.287	1.54905537085209	0.326277248010104	-0.231545158305534
5913.452	16.053	-19.049	1.63807906663482	0.262851318563885	-0.187494735257583
5938.756	8.300	-9.251	1.78458608859989	0.255558368408207	-0.186971610250615
5960.365	11.765	-13.308	1.84368086814399	0.297146024857859	-0.218325779941306
5996.943	15.303	-24.814	1.63708426511775	0.248675571054176	-0.178377993478537
6027.159	12.668	-14.912	1.51692798070276	0.330862100910534	-0.235443957957336
6053.987	15.927	-14.16	1.69191464847855	0.242244176124954	-0.174644799803706
6091.846	15.678	-21.932	1.93753668154239	0.274612735427568	-0.205124608259367
6124.817	15.302	-17.293	1.91451205814303	0.246842229248587	-0.18494628827602
6160.290	19.946	-20.171	1.80150753410397	0.192541621062859	-0.146955680128955
6191.515	13.794	-11.279	1.70257284499416	0.19604863380812	-0.153282157562252
6220.591	29.850	-15.282	1.61750154144979	0.237091401780194	-0.18650559082502
6275.915	29.684	-25.474	1.62444741318202	0.232408394325262	-0.182823250518609
9560.367	41.029	-49.234	1.9546305754451	0.215348505400739	-0.172925531723972
9645.129	26.472	-43.732	1.9615549003649	0.219650438966582	-0.176383814569987
9708.938	30.361	-37.337	1.96648051965998	0.220994736151847	-0.17746385873746
9796.987	45.110	-57.688	1.97170582638226	0.211263183047852	-0.169643941867834
11676.635	46.421	-46.35	2.07329211002339	0.220055939437896	-0.175016962997879
11759.018	29.227	-35.963	2.07736134991657	0.227963191659662	-0.18129930065757
11852.760	55.837	-64.514	2.08037373092804	0.234240298432711	-0.186288951866979
11999.173	77.797	-90.576	2.07411357385284	0.22402535679607	-0.17810026175419
15409.888	47.909	-32.326	1.94654849111419	0.314886755171903	-0.232575772950981
15482.735	35.237	-24.939	1.90162151983223	0.28886237554615	-0.213256168114027
15552.309	38.376	-34.337	1.72668898522364	0.235110412534223	-0.170597997186239
15630.127	35.778	-39.442	1.53195301418216	0.334721346738066	-0.239482643571589
15705.253	35.871	-39.349	1.75106887315729	0.249622136070185	-0.180406116211935
15776.868	34.461	-35.744	1.98351661109257	0.203241640031408	-0.154180723545002
15837.269	36.743	-25.94	2.1787472110651	0.226026528896327	-0.177378117551799
15956.873	65.066	-82.861	2.26193930877636	0.245780761587076	-0.19338874170929
17724.172	101.677	-111.444	2.2299248747454	0.176664711801928	-0.139461070674117
21162.183	118.353	-124.856	2.18369789424026	0.229154614496254	-0.182112840645285
21416.472	74.678	-135.936	2.18373278437197	0.225069363753658	-0.178850305118281
21578.258	98.434	-87.107	2.18375476750416	0.222561588060274	-0.176843964564205
21890.909	252.137	-214.217	2.18379678670646	0.21791792652949	-0.173120499238364
27180.208	408.322	-331.336	2.1844289429635	0.180562922963854	-0.141538866779347
27958.772	364.393	-370.241	2.18451143770493	0.181268307892826	-0.141681515088155
56278.995	312.867	-379.152	2.04867804356967	0.213449954394244	-0.162827450072638
57157.914	950.861	-566.052	2.04272045945975	0.218174474751631	-0.166374934880754
61995.818	525.161	-605.631	2.01148445754621	0.25084478315574	-0.191090441108162
67344.024	236.775	-202.005	1.97477195859134	0.274501058025085	-0.209073800653295
67760.218	296.972	-179.418	1.97084883796993	0.271770388305185	-0.206993326005217
68264.896	198.470	-207.707	1.96612384980263	0.268522633138621	-0.204518625051007
69174.174	129.020	-169.349	1.9576983384169	0.26284756058107	-0.200193621324673
148150.112	363.020	-411.742	1.88768316708423	0.217769912593116	-0.162572953690234
149032.345	448.612	-519.213	1.8967108932993	0.219964118192097	-0.164100143582293
149743.188	477.409	-262.232	1.90394602523382	0.221889591533014	-0.165451272612595
154338.297	398.726	-764.669	1.9499034701806	0.237323259963741	-0.176483592387272
155446.115	4596.199	-709.092	1.96077843053112	0.241712576650025	-0.179660171980396
217769.393	692.562	-769.194	1.65777822940685	0.28582436967129	-0.207741711499673
223217.124	1005.963	-754.162	1.61232217177631	0.311592738951259	-0.226371528768679
229593.622	890.379	-872.253	1.59999926667011	0.317446344592295	-0.230616420121768
305290.047	4097.290	-2207.629	1.87488838808771	0.236980693615559	-0.175060057097593
397195.975	17045.284	-12702.221	1.90252894061874	0.23393752543195	-0.171122926340239
464736.267	6807.034	-6139.279	1.74790501221615	0.332502513062803	-0.23857819811811
555284.427	8837.371	-9330.471	1.65455939398536	0.269706217440587	-0.190036876494278
630958.095	7444.850	-5476.724	1.6205310553773	0.355684500639983	-0.249417943818816
807824.285	100790.194	-96031.456	1.83225317605536	0.26015019862399	-0.184010152916106
1001274.854	56647.944	-64530.077	2.01619720927899	0.305874611284158	-0.218803092147102
1203793.675	43909.653	-52878.102	2.17402496306307	0.415729376690858	-0.297559700861179
1396582.327	76240.469	-108428.577	2.30130415839889	0.524546321406487	-0.374974404182248
